python pso.py
Initial particles
|   Particle | Position                    | Velocity             | Best Position               |   Best Value |   Current Fitness |
|------------|-----------------------------|----------------------|-----------------------------|--------------|-------------------|
|          0 | [115.98, 5.01, 5.32, 0.45]  | [0.0, 0.0, 0.0, 0.0] | [115.98, 5.01, 5.32, 0.45]  |     0.52459  |          0.52459  |
|          1 | [51.56, 5.32, 6.25, 0.59]   | [0.0, 0.0, 0.0, 0.0] | [51.56, 5.32, 6.25, 0.59]   |     0.52459  |          0.52459  |
|          2 | [165.26, 37.5, 3.01, 0.04]  | [0.0, 0.0, 0.0, 0.0] | [165.26, 37.5, 3.01, 0.04]  |     0.868852 |          0.868852 |
|          3 | [119.37, 17.94, 5.32, 0.8]  | [0.0, 0.0, 0.0, 0.0] | [119.37, 17.94, 5.32, 0.8]  |     0.52459  |          0.52459  |
|          4 | [71.62, 45.27, 2.32, 0.41]  | [0.0, 0.0, 0.0, 0.0] | [71.62, 45.27, 2.32, 0.41]  |     0.52459  |          0.52459  |
|          5 | [198.07, 34.46, 2.16, 0.32] | [0.0, 0.0, 0.0, 0.0] | [198.07, 34.46, 2.16, 0.32] |     0.52459  |          0.52459  |
|          6 | [131.4, 41.39, 9.19, 0.57]  | [0.0, 0.0, 0.0, 0.0] | [131.4, 41.39, 9.19, 0.57]  |     0.52459  |          0.52459  |
|          7 | [102.44, 4.99, 7.06, 0.62]  | [0.0, 0.0, 0.0, 0.0] | [102.44, 4.99, 7.06, 0.62]  |     0.52459  |          0.52459  |
|          8 | [108.73, 39.4, 4.96, 0.24]  | [0.0, 0.0, 0.0, 0.0] | [108.73, 39.4, 4.96, 0.24]  |     0.852459 |          0.852459 |
|          9 | [140.16, 17.41, 6.09, 0.71] | [0.0, 0.0, 0.0, 0.0] | [140.16, 17.41, 6.09, 0.71] |     0.52459  |          0.52459  |
Iteration 1
Global Best Position: [165, 37, 3, 0.04]
Value: 0.8688524590163934

 Table of particles
|   Particle | Position                    | Velocity                     | Best Position               |   Best Value |   Current Fitness |
|------------|-----------------------------|------------------------------|-----------------------------|--------------|-------------------|
|          0 | [165.84, 37.88, 2.98, 0.03] | [49.86, 32.87, -2.33, -0.42] | [165.84, 37.88, 2.98, 0.03] |     0.868852 |          0.868852 |
|          1 | [174.14, 40.02, 2.76, 0.01] | [122.59, 34.7, -3.49, -0.6]  | [174.14, 40.02, 2.76, 0.01] |     0.836066 |          0.836066 |
|          2 | [165.26, 37.5, 3.01, 0.04]  | [0.0, 0.0, 0.0, 0.0]         | [165.26, 37.5, 3.01, 0.04]  |     0.868852 |          0.868852 |
|          3 | [169.97, 39.51, 2.78, 0.01] | [50.6, 21.57, -2.54, -0.84]  | [169.97, 39.51, 2.78, 0.01] |     0.836066 |          0.836066 |
|          4 | [89.36, 43.8, 2.45, 0.34]   | [17.74, -1.47, 0.13, -0.07]  | [71.62, 45.27, 2.32, 0.41]  |     0.52459  |          0.52459  |
|          5 | [164.22, 37.6, 3.04, 0.03]  | [-33.85, 3.14, 0.88, -0.29]  | [164.22, 37.6, 3.04, 0.03]  |     0.868852 |          0.868852 |
|          6 | [145.5, 39.77, 6.62, 0.35]  | [14.1, -1.62, -2.57, -0.22]  | [131.4, 41.39, 9.19, 0.57]  |     0.52459  |          0.52459  |
|          7 | [171.22, 40.59, 2.63, 0.01] | [68.77, 35.59, -4.43, -0.64] | [171.22, 40.59, 2.63, 0.01] |     0.836066 |          0.836066 |
|          8 | [173.24, 37.24, 2.74, 0.01] | [64.51, -2.16, -2.22, -0.23] | [108.73, 39.4, 4.96, 0.24]  |     0.852459 |          0.836066 |
|          9 | [151.21, 26.25, 4.73, 0.41] | [11.05, 8.85, -1.35, -0.29]  | [140.16, 17.41, 6.09, 0.71] |     0.52459  |          0.52459  |
Iteration 2
Global Best Position: [126, 40, 2, 0.19]
Value: 0.8852459016393442

 Table of particles
|   Particle | Position                    | Velocity                     | Best Position               |   Best Value |   Current Fitness |
|------------|-----------------------------|------------------------------|-----------------------------|--------------|-------------------|
|          0 | [200.0, 50.0, 2.0, 0.01]    | [39.53, 26.06, -1.85, -0.33] | [165.84, 37.88, 2.98, 0.03] |     0.868852 |          0.852459 |
|          1 | [200.0, 50.0, 2.0, 0.01]    | [97.78, 27.67, -2.79, -0.48] | [200.0, 50.0, 2.0, 0.01]    |     0.852459 |          0.852459 |
|          2 | [165.26, 37.5, 3.01, 0.04]  | [0.0, 0.0, 0.0, 0.0]         | [165.26, 37.5, 3.01, 0.04]  |     0.868852 |          0.868852 |
|          3 | [200.0, 50.0, 2.0, 0.01]    | [38.84, 16.56, -1.95, -0.67] | [200.0, 50.0, 2.0, 0.01]    |     0.852459 |          0.852459 |
|          4 | [126.83, 40.69, 2.73, 0.19] | [37.48, -3.11, 0.28, -0.15]  | [126.83, 40.69, 2.73, 0.19] |     0.885246 |          0.885246 |
|          5 | [137.55, 40.08, 3.73, 0.01] | [-26.67, 2.48, 0.7, -0.23]   | [164.22, 37.6, 3.04, 0.03]  |     0.868852 |          0.836066 |
|          6 | [173.17, 36.6, 2.0, 0.01]   | [27.67, -3.18, -5.05, -0.43] | [173.17, 36.6, 2.0, 0.01]   |     0.836066 |          0.836066 |
|          7 | [200.0, 50.0, 2.0, 0.01]    | [54.6, 28.26, -3.52, -0.51]  | [200.0, 50.0, 2.0, 0.01]    |     0.852459 |          0.852459 |
|          8 | [200.0, 35.89, 2.0, 0.01]   | [40.03, -1.34, -1.38, -0.14] | [108.73, 39.4, 4.96, 0.24]  |     0.852459 |          0.852459 |
|          9 | [156.13, 30.19, 4.13, 0.28] | [4.92, 3.94, -0.6, -0.13]    | [156.13, 30.19, 4.13, 0.28] |     0.819672 |          0.819672 |
Iteration 3
Global Best Position: [126, 40, 2, 0.19]
Value: 0.8852459016393442

 Table of particles
|   Particle | Position                    | Velocity                     | Best Position               |   Best Value |   Current Fitness |
|------------|-----------------------------|------------------------------|-----------------------------|--------------|-------------------|
|          0 | [162.76, 50.0, 2.0, 0.01]   | [-37.24, 7.02, -0.37, -0.13] | [165.84, 37.88, 2.98, 0.03] |     0.868852 |          0.836066 |
|          1 | [200.0, 50.0, 2.0, 0.01]    | [25.8, 15.47, -1.71, -0.25]  | [200.0, 50.0, 2.0, 0.01]    |     0.852459 |          0.852459 |
|          2 | [127.67, 40.62, 2.74, 0.19] | [-37.59, 3.12, -0.28, 0.15]  | [127.67, 40.62, 2.74, 0.19] |     0.885246 |          0.885246 |
|          3 | [200.0, 50.0, 2.0, 0.01]    | [8.18, 10.33, -1.33, -0.48]  | [200.0, 50.0, 2.0, 0.01]    |     0.852459 |          0.852459 |
|          4 | [156.81, 38.2, 2.95, 0.07]  | [29.98, -2.49, 0.22, -0.12]  | [126.83, 40.69, 2.73, 0.19] |     0.885246 |          0.868852 |
|          5 | [124.07, 41.32, 4.07, 0.01] | [-13.48, 1.25, 0.33, -0.18]  | [164.22, 37.6, 3.04, 0.03]  |     0.868852 |          0.836066 |
|          6 | [158.41, 37.32, 2.0, 0.01]  | [-14.76, 0.72, -3.46, -0.2]  | [173.17, 36.6, 2.0, 0.01]   |     0.836066 |          0.836066 |
|          7 | [200.0, 50.0, 2.0, 0.01]    | [15.73, 19.05, -2.54, -0.34] | [200.0, 50.0, 2.0, 0.01]    |     0.852459 |          0.852459 |
|          8 | [98.45, 42.3, 3.28, 0.23]   | [-101.55, 6.41, 1.28, 0.22]  | [98.45, 42.3, 3.28, 0.23]   |     0.868852 |          0.868852 |
|          9 | [152.46, 36.07, 3.28, 0.15] | [-3.67, 5.87, -0.85, -0.13]  | [152.46, 36.07, 3.28, 0.15] |     0.885246 |          0.885246 |
Iteration 4
Global Best Position: [126, 40, 2, 0.19]
Value: 0.8852459016393442

 Table of particles
|   Particle | Position                    | Velocity                      | Best Position               |   Best Value |   Current Fitness |
|------------|-----------------------------|-------------------------------|-----------------------------|--------------|-------------------|
|          0 | [101.05, 41.04, 2.86, 0.09] | [-61.71, -8.96, 0.86, 0.08]   | [101.05, 41.04, 2.86, 0.09] |     0.885246 |          0.885246 |
|          1 | [133.95, 50.0, 2.0, 0.03]   | [-66.05, 1.34, -0.5, 0.02]    | [133.95, 50.0, 2.0, 0.03]   |     0.868852 |          0.868852 |
|          2 | [97.41, 43.13, 2.51, 0.31]  | [-30.25, 2.51, -0.22, 0.12]   | [127.67, 40.62, 2.74, 0.19] |     0.885246 |          0.704918 |
|          3 | [121.63, 47.46, 2.0, 0.01]  | [-78.37, -2.54, -0.22, -0.17] | [200.0, 50.0, 2.0, 0.01]    |     0.852459 |          0.836066 |
|          4 | [143.12, 39.34, 2.85, 0.13] | [-13.69, 1.14, -0.1, 0.06]    | [126.83, 40.69, 2.73, 0.19] |     0.885246 |          0.868852 |
|          5 | [117.13, 41.54, 2.81, 0.08] | [-6.95, 0.22, -1.26, 0.07]    | [164.22, 37.6, 3.04, 0.03]  |     0.868852 |          0.868852 |
|          6 | [144.87, 38.59, 2.0, 0.01]  | [-13.53, 1.28, -2.52, -0.1]   | [173.17, 36.6, 2.0, 0.01]   |     0.836066 |          0.836066 |
|          7 | [165.31, 50.0, 2.0, 0.01]   | [-34.69, 9.22, -1.56, -0.15]  | [200.0, 50.0, 2.0, 0.01]    |     0.852459 |          0.836066 |
|          8 | [50.0, 46.35, 3.94, 0.38]   | [-62.25, 4.05, 0.66, 0.15]    | [98.45, 42.3, 3.28, 0.23]   |     0.868852 |          0.52459  |
|          9 | [126.95, 44.84, 2.12, 0.09] | [-25.51, 8.77, -1.17, -0.07]  | [152.46, 36.07, 3.28, 0.15] |     0.885246 |          0.885246 |
Iteration 5
Global Best Position: [101, 38, 2, 0.09]
Value: 0.9016393442622951

 Table of particles
|   Particle | Position                    | Velocity                     | Best Position               |   Best Value |   Current Fitness |
|------------|-----------------------------|------------------------------|-----------------------------|--------------|-------------------|
|          0 | [71.58, 33.6, 3.45, 0.23]   | [-29.48, -7.44, 0.59, 0.14]  | [101.05, 41.04, 2.86, 0.09] |     0.885246 |          0.852459 |
|          1 | [77.11, 45.84, 2.01, 0.13]  | [-56.84, -4.16, 0.01, 0.11]  | [133.95, 50.0, 2.0, 0.03]   |     0.868852 |          0.868852 |
|          2 | [95.46, 43.29, 2.5, 0.32]   | [-1.96, 0.16, -0.01, 0.01]   | [127.67, 40.62, 2.74, 0.19] |     0.885246 |          0.52459  |
|          3 | [101.21, 38.75, 2.67, 0.09] | [-20.42, -8.71, 0.67, 0.08]  | [101.21, 38.75, 2.67, 0.09] |     0.901639 |          0.901639 |
|          4 | [104.92, 42.51, 2.57, 0.28] | [-38.2, 3.17, -0.28, 0.15]   | [126.83, 40.69, 2.73, 0.19] |     0.885246 |          0.819672 |
|          5 | [134.09, 39.79, 2.0, 0.23]  | [16.97, -1.75, -1.02, 0.15]  | [134.09, 39.79, 2.0, 0.23]  |     0.885246 |          0.885246 |
|          6 | [136.41, 40.09, 2.0, 0.07]  | [-8.46, 1.5, -1.45, 0.06]    | [136.41, 40.09, 2.0, 0.07]  |     0.868852 |          0.868852 |
|          7 | [121.41, 50.0, 2.0, 0.01]   | [-43.91, 2.29, -0.85, -0.02] | [200.0, 50.0, 2.0, 0.01]    |     0.852459 |          0.836066 |
|          8 | [116.37, 40.73, 2.7, 0.2]   | [66.37, -5.62, -1.23, -0.18] | [116.37, 40.73, 2.7, 0.2]   |     0.885246 |          0.885246 |
|          9 | [106.61, 50.0, 2.0, 0.06]   | [-20.34, 5.87, -0.76, -0.03] | [152.46, 36.07, 3.28, 0.15] |     0.885246 |          0.885246 |
Iteration 6
Global Best Position: [101, 38, 2, 0.09]
Value: 0.9016393442622951

 Table of particles
|   Particle | Position                    | Velocity                      | Best Position               |   Best Value |   Current Fitness |
|------------|-----------------------------|-------------------------------|-----------------------------|--------------|-------------------|
|          0 | [68.79, 31.57, 3.4, 0.24]   | [-2.79, -2.03, -0.05, 0.01]   | [101.05, 41.04, 2.86, 0.09] |     0.885246 |          0.852459 |
|          1 | [63.77, 36.24, 2.66, 0.16]  | [-13.34, -9.6, 0.65, 0.03]    | [63.77, 36.24, 2.66, 0.16]  |     0.901639 |          0.901639 |
|          2 | [102.99, 39.95, 2.64, 0.15] | [7.53, -3.34, 0.14, -0.17]    | [102.99, 39.95, 2.64, 0.15] |     0.901639 |          0.901639 |
|          3 | [84.87, 31.78, 3.2, 0.15]   | [-16.34, -6.97, 0.53, 0.06]   | [101.21, 38.75, 2.67, 0.09] |     0.901639 |          0.885246 |
|          4 | [77.34, 40.91, 2.49, 0.19]  | [-27.58, -1.59, -0.08, -0.09] | [126.83, 40.69, 2.73, 0.19] |     0.885246 |          0.868852 |
|          5 | [119.91, 37.51, 2.0, 0.23]  | [-14.18, -2.28, -0.25, 0.0]   | [134.09, 39.79, 2.0, 0.23]  |     0.885246 |          0.868852 |
|          6 | [117.86, 40.84, 2.0, 0.13]  | [-18.55, 0.75, -0.93, 0.06]   | [117.86, 40.84, 2.0, 0.13]  |     0.885246 |          0.885246 |
|          7 | [131.95, 50.0, 2.0, 0.01]   | [10.55, 1.07, -0.63, -0.01]   | [200.0, 50.0, 2.0, 0.01]    |     0.852459 |          0.836066 |
|          8 | [153.1, 34.09, 2.0, 0.01]   | [36.74, -6.63, -1.02, -0.27]  | [116.37, 40.73, 2.7, 0.2]   |     0.885246 |          0.836066 |
|          9 | [92.95, 49.0, 2.0, 0.06]    | [-13.66, -1.0, -0.23, -0.0]   | [152.46, 36.07, 3.28, 0.15] |     0.885246 |          0.885246 |
Iteration 7
Global Best Position: [82, 34, 3, 0.18]
Value: 0.9180327868852459

 Table of particles
|   Particle | Position                    | Velocity                    | Best Position               |   Best Value |   Current Fitness |
|------------|-----------------------------|-----------------------------|-----------------------------|--------------|-------------------|
|          0 | [82.72, 34.58, 3.08, 0.18]  | [13.93, 3.01, -0.32, -0.07] | [82.72, 34.58, 3.08, 0.18]  |     0.918033 |          0.918033 |
|          1 | [72.73, 29.87, 3.18, 0.14]  | [8.96, -6.37, 0.52, -0.02]  | [63.77, 36.24, 2.66, 0.16]  |     0.901639 |          0.901639 |
|          2 | [107.98, 36.58, 2.77, 0.01] | [4.99, -3.37, 0.13, -0.17]  | [102.99, 39.95, 2.64, 0.15] |     0.901639 |          0.836066 |
|          3 | [88.73, 33.42, 3.08, 0.13]  | [3.86, 1.65, -0.13, -0.01]  | [101.21, 38.75, 2.67, 0.09] |     0.901639 |          0.885246 |
|          4 | [89.7, 39.44, 2.59, 0.12]   | [12.35, -1.47, 0.11, -0.07] | [126.83, 40.69, 2.73, 0.19] |     0.885246 |          0.868852 |
|          5 | [110.13, 37.78, 2.09, 0.17] | [-9.78, 0.27, 0.09, -0.06]  | [110.13, 37.78, 2.09, 0.17] |     0.901639 |          0.901639 |
|          6 | [100.01, 41.07, 2.0, 0.17]  | [-17.84, 0.22, -0.63, 0.04] | [100.01, 41.07, 2.0, 0.17]  |     0.901639 |          0.901639 |
|          7 | [151.57, 42.24, 2.01, 0.06] | [19.62, -7.76, 0.01, 0.05]  | [151.57, 42.24, 2.01, 0.06] |     0.868852 |          0.868852 |
|          8 | [125.14, 35.14, 2.0, 0.01]  | [-27.96, 1.05, 0.0, -0.08]  | [116.37, 40.73, 2.7, 0.2]   |     0.885246 |          0.836066 |
|          9 | [118.72, 35.16, 2.9, 0.13]  | [25.77, -13.84, 0.9, 0.07]  | [152.46, 36.07, 3.28, 0.15] |     0.885246 |          0.885246 |
Iteration 8
Global Best Position: [82, 34, 3, 0.18]
Value: 0.9180327868852459

 Table of particles
|   Particle | Position                    | Velocity                     | Best Position               |   Best Value |   Current Fitness |
|------------|-----------------------------|------------------------------|-----------------------------|--------------|-------------------|
|          0 | [93.86, 36.98, 2.82, 0.12]  | [11.14, 2.41, -0.25, -0.05]  | [82.72, 34.58, 3.08, 0.18]  |     0.918033 |          0.868852 |
|          1 | [83.9, 31.32, 3.29, 0.16]   | [11.16, 1.45, 0.11, 0.02]    | [63.77, 36.24, 2.66, 0.16]  |     0.901639 |          0.885246 |
|          2 | [96.71, 33.08, 3.04, 0.01]  | [-11.27, -3.5, 0.27, -0.03]  | [102.99, 39.95, 2.64, 0.15] |     0.901639 |          0.836066 |
|          3 | [89.08, 36.93, 2.89, 0.15]  | [0.35, 3.5, -0.19, 0.02]     | [101.21, 38.75, 2.67, 0.09] |     0.901639 |          0.885246 |
|          4 | [108.13, 36.15, 2.97, 0.11] | [18.43, -3.29, 0.38, -0.01]  | [126.83, 40.69, 2.73, 0.19] |     0.885246 |          0.868852 |
|          5 | [75.25, 34.83, 3.13, 0.13]  | [-34.88, -2.95, 1.05, -0.04] | [110.13, 37.78, 2.09, 0.17] |     0.901639 |          0.885246 |
|          6 | [68.46, 34.76, 2.58, 0.21]  | [-31.56, -6.31, 0.58, 0.04]  | [100.01, 41.07, 2.0, 0.17]  |     0.901639 |          0.868852 |
|          7 | [85.08, 26.88, 3.29, 0.24]  | [-66.49, -15.36, 1.28, 0.18] | [151.57, 42.24, 2.01, 0.06] |     0.868852 |          0.868852 |
|          8 | [50.32, 37.83, 3.55, 0.22]  | [-74.82, 2.69, 1.54, 0.21]   | [116.37, 40.73, 2.7, 0.2]   |     0.885246 |          0.868852 |
|          9 | [137.84, 24.26, 3.93, 0.22] | [19.11, -10.9, 1.03, 0.1]    | [137.84, 24.26, 3.93, 0.22] |     0.901639 |          0.901639 |
Iteration 9
Global Best Position: [82, 34, 3, 0.18]
Value: 0.9180327868852459

 Table of particles
|   Particle | Position                    | Velocity                    | Best Position               |   Best Value |   Current Fitness |
|------------|-----------------------------|-----------------------------|-----------------------------|--------------|-------------------|
|          0 | [91.95, 36.57, 2.87, 0.13]  | [-1.91, -0.41, 0.04, 0.01]  | [82.72, 34.58, 3.08, 0.18]  |     0.918033 |          0.885246 |
|          1 | [85.55, 34.9, 3.11, 0.18]   | [1.65, 3.58, -0.18, 0.02]   | [63.77, 36.24, 2.66, 0.16]  |     0.901639 |          0.901639 |
|          2 | [83.79, 32.24, 3.19, 0.08]  | [-12.92, -0.84, 0.15, 0.07] | [102.99, 39.95, 2.64, 0.15] |     0.901639 |          0.885246 |
|          3 | [86.96, 38.82, 2.81, 0.17]  | [-2.12, 1.89, -0.08, 0.02]  | [101.21, 38.75, 2.67, 0.09] |     0.901639 |          0.885246 |
|          4 | [122.9, 35.41, 3.18, 0.18]  | [14.77, -0.73, 0.21, 0.06]  | [122.9, 35.41, 3.18, 0.18]  |     0.901639 |          0.901639 |
|          5 | [58.45, 33.11, 3.7, 0.12]   | [-16.8, -1.73, 0.56, -0.01] | [110.13, 37.78, 2.09, 0.17] |     0.901639 |          0.868852 |
|          6 | [53.59, 30.97, 3.05, 0.22]  | [-14.87, -3.79, 0.48, 0.02] | [100.01, 41.07, 2.0, 0.17]  |     0.901639 |          0.885246 |
|          7 | [62.06, 24.85, 3.63, 0.27]  | [-23.03, -2.03, 0.34, 0.03] | [151.57, 42.24, 2.01, 0.06] |     0.868852 |          0.819672 |
|          8 | [50.0, 39.41, 4.02, 0.35]   | [-2.99, 1.58, 0.47, 0.13]   | [116.37, 40.73, 2.7, 0.2]   |     0.885246 |          0.52459  |
|          9 | [108.69, 23.86, 4.07, 0.26] | [-29.15, -0.4, 0.13, 0.04]  | [137.84, 24.26, 3.93, 0.22] |     0.901639 |          0.819672 |
Iteration 10
Global Best Position: [82, 34, 3, 0.18]
Value: 0.9180327868852459

 Table of particles
|   Particle | Position                    | Velocity                     | Best Position               |   Best Value |   Current Fitness |
|------------|-----------------------------|------------------------------|-----------------------------|--------------|-------------------|
|          0 | [74.76, 32.86, 3.26, 0.21]  | [-17.19, -3.71, 0.39, 0.08]  | [82.72, 34.58, 3.08, 0.18]  |     0.918033 |          0.885246 |
|          1 | [72.33, 38.41, 2.68, 0.18]  | [-13.22, 3.52, -0.43, -0.0]  | [63.77, 36.24, 2.66, 0.16]  |     0.901639 |          0.901639 |
|          2 | [81.95, 36.07, 3.01, 0.21]  | [-1.84, 3.83, -0.18, 0.13]   | [102.99, 39.95, 2.64, 0.15] |     0.901639 |          0.885246 |
|          3 | [86.25, 37.02, 2.91, 0.17]  | [-0.71, -1.8, 0.1, -0.01]    | [101.21, 38.75, 2.67, 0.09] |     0.901639 |          0.901639 |
|          4 | [106.19, 34.23, 3.28, 0.23] | [-16.7, -1.18, 0.09, 0.05]   | [122.9, 35.41, 3.18, 0.18]  |     0.901639 |          0.885246 |
|          5 | [85.27, 34.7, 3.02, 0.18]   | [26.82, 1.6, -0.68, 0.06]    | [110.13, 37.78, 2.09, 0.17] |     0.901639 |          0.901639 |
|          6 | [79.95, 34.14, 3.1, 0.18]   | [26.36, 3.17, 0.05, -0.04]   | [100.01, 41.07, 2.0, 0.17]  |     0.901639 |          0.901639 |
|          7 | [128.49, 45.97, 2.17, 0.05] | [66.43, 21.12, -1.46, -0.23] | [151.57, 42.24, 2.01, 0.06] |     0.868852 |          0.868852 |
|          8 | [73.73, 38.89, 3.76, 0.35]  | [23.73, -0.52, -0.26, 0.0]   | [116.37, 40.73, 2.7, 0.2]   |     0.885246 |          0.52459  |
|          9 | [95.51, 26.09, 3.88, 0.25]  | [-13.18, 2.23, -0.18, -0.01] | [137.84, 24.26, 3.93, 0.22] |     0.901639 |          0.819672 |
Iteration 11
Global Best Position: [82, 34, 3, 0.18]
Value: 0.9180327868852459

 Table of particles
|   Particle | Position                    | Velocity                      | Best Position               |   Best Value |   Current Fitness |
|------------|-----------------------------|-------------------------------|-----------------------------|--------------|-------------------|
|          0 | [63.45, 30.41, 3.52, 0.27]  | [-11.31, -2.44, 0.26, 0.05]   | [82.72, 34.58, 3.08, 0.18]  |     0.918033 |          0.819672 |
|          1 | [64.87, 39.21, 2.5, 0.17]   | [-7.46, 0.8, -0.17, -0.01]    | [63.77, 36.24, 2.66, 0.16]  |     0.901639 |          0.885246 |
|          2 | [82.0, 37.9, 2.91, 0.28]    | [0.05, 1.83, -0.09, 0.07]     | [102.99, 39.95, 2.64, 0.15] |     0.901639 |          0.819672 |
|          3 | [86.83, 35.42, 2.99, 0.16]  | [0.58, -1.6, 0.08, -0.01]     | [101.21, 38.75, 2.67, 0.09] |     0.901639 |          0.885246 |
|          4 | [78.4, 34.11, 3.13, 0.2]    | [-27.79, -0.12, -0.15, -0.03] | [122.9, 35.41, 3.18, 0.18]  |     0.901639 |          0.868852 |
|          5 | [122.58, 38.05, 2.0, 0.22]  | [37.3, 3.35, -1.16, 0.04]     | [110.13, 37.78, 2.09, 0.17] |     0.901639 |          0.885246 |
|          6 | [105.61, 37.95, 2.96, 0.14] | [25.67, 3.81, -0.14, -0.04]   | [100.01, 41.07, 2.0, 0.17]  |     0.901639 |          0.885246 |
|          7 | [151.29, 48.71, 2.0, 0.01]  | [22.8, 2.75, -0.36, -0.04]    | [151.57, 42.24, 2.01, 0.06] |     0.868852 |          0.836066 |
|          8 | [103.81, 36.28, 3.01, 0.23] | [30.08, -2.61, -0.74, -0.12]  | [116.37, 40.73, 2.7, 0.2]   |     0.885246 |          0.868852 |
|          9 | [99.66, 31.31, 3.35, 0.19]  | [4.15, 5.22, -0.54, -0.06]    | [137.84, 24.26, 3.93, 0.22] |     0.901639 |          0.901639 |
Iteration 12
Global Best Position: [82, 34, 3, 0.18]
Value: 0.9180327868852459

 Table of particles
|   Particle | Position                    | Velocity                     | Best Position               |   Best Value |   Current Fitness |
|------------|-----------------------------|------------------------------|-----------------------------|--------------|-------------------|
|          0 | [77.91, 33.54, 3.19, 0.2]   | [14.46, 3.12, -0.33, -0.07]  | [82.72, 34.58, 3.08, 0.18]  |     0.918033 |          0.868852 |
|          1 | [74.41, 34.69, 2.93, 0.17]  | [9.54, -4.52, 0.43, -0.01]   | [63.77, 36.24, 2.66, 0.16]  |     0.901639 |          0.901639 |
|          2 | [84.56, 36.85, 2.95, 0.24]  | [2.55, -1.05, 0.03, -0.04]   | [102.99, 39.95, 2.64, 0.15] |     0.901639 |          0.836066 |
|          3 | [90.69, 35.02, 2.97, 0.13]  | [3.86, -0.4, -0.02, -0.03]   | [101.21, 38.75, 2.67, 0.09] |     0.901639 |          0.885246 |
|          4 | [59.89, 34.26, 2.99, 0.16]  | [-18.52, 0.15, -0.14, -0.03] | [122.9, 35.41, 3.18, 0.18]  |     0.901639 |          0.901639 |
|          5 | [114.97, 37.54, 2.06, 0.2]  | [-7.6, -0.51, 0.06, -0.02]   | [110.13, 37.78, 2.09, 0.17] |     0.901639 |          0.885246 |
|          6 | [111.23, 40.06, 2.61, 0.14] | [5.62, 2.11, -0.35, -0.0]    | [100.01, 41.07, 2.0, 0.17]  |     0.901639 |          0.885246 |
|          7 | [113.9, 34.94, 2.59, 0.15]  | [-37.39, -13.77, 0.59, 0.14] | [113.9, 34.94, 2.59, 0.15]  |     0.885246 |          0.885246 |
|          8 | [106.16, 32.87, 2.45, 0.07] | [2.34, -3.41, -0.56, -0.16]  | [116.37, 40.73, 2.7, 0.2]   |     0.885246 |          0.868852 |
|          9 | [98.38, 36.47, 2.84, 0.14]  | [-1.27, 5.16, -0.51, -0.05]  | [137.84, 24.26, 3.93, 0.22] |     0.901639 |          0.885246 |
Iteration 13
Global Best Position: [82, 34, 3, 0.18]
Value: 0.9180327868852459

 Table of particles
|   Particle | Position                    | Velocity                     | Best Position               |   Best Value |   Current Fitness |
|------------|-----------------------------|------------------------------|-----------------------------|--------------|-------------------|
|          0 | [96.97, 37.65, 2.75, 0.11]  | [19.06, 4.12, -0.44, -0.09]  | [82.72, 34.58, 3.08, 0.18]  |     0.918033 |          0.868852 |
|          1 | [77.13, 31.87, 3.14, 0.16]  | [2.72, -2.82, 0.21, -0.01]   | [63.77, 36.24, 2.66, 0.16]  |     0.901639 |          0.901639 |
|          2 | [88.0, 35.82, 2.97, 0.19]   | [3.45, -1.03, 0.02, -0.05]   | [102.99, 39.95, 2.64, 0.15] |     0.901639 |          0.868852 |
|          3 | [87.0, 34.73, 3.03, 0.15]   | [-3.69, -0.29, 0.05, 0.02]   | [101.21, 38.75, 2.67, 0.09] |     0.901639 |          0.885246 |
|          4 | [100.0, 35.33, 3.06, 0.15]  | [40.11, 1.06, 0.07, -0.01]   | [122.9, 35.41, 3.18, 0.18]  |     0.901639 |          0.901639 |
|          5 | [73.05, 34.05, 3.2, 0.15]   | [-41.92, -3.5, 1.14, -0.05]  | [110.13, 37.78, 2.09, 0.17] |     0.901639 |          0.901639 |
|          6 | [105.47, 40.23, 2.38, 0.15] | [-5.76, 0.17, -0.23, 0.01]   | [100.01, 41.07, 2.0, 0.17]  |     0.901639 |          0.901639 |
|          7 | [61.27, 23.66, 3.42, 0.28]  | [-52.63, -11.28, 0.83, 0.13] | [113.9, 34.94, 2.59, 0.15]  |     0.885246 |          0.819672 |
|          8 | [114.02, 35.13, 2.17, 0.03] | [7.86, 2.26, -0.28, -0.05]   | [116.37, 40.73, 2.7, 0.2]   |     0.885246 |          0.868852 |
|          9 | [92.38, 39.04, 2.6, 0.12]   | [-6.0, 2.56, -0.24, -0.02]   | [137.84, 24.26, 3.93, 0.22] |     0.901639 |          0.868852 |
Iteration 14
Global Best Position: [82, 34, 3, 0.18]
Value: 0.9180327868852459

 Table of particles
|   Particle | Position                    | Velocity                     | Best Position               |   Best Value |   Current Fitness |
|------------|-----------------------------|------------------------------|-----------------------------|--------------|-------------------|
|          0 | [100.63, 38.44, 2.67, 0.09] | [3.66, 0.79, -0.08, -0.02]   | [82.72, 34.58, 3.08, 0.18]  |     0.918033 |          0.901639 |
|          1 | [75.73, 31.04, 3.16, 0.15]  | [-1.4, -0.83, 0.02, -0.01]   | [63.77, 36.24, 2.66, 0.16]  |     0.901639 |          0.901639 |
|          2 | [89.87, 34.84, 3.01, 0.14]  | [1.87, -0.98, 0.03, -0.05]   | [102.99, 39.95, 2.64, 0.15] |     0.901639 |          0.901639 |
|          3 | [82.95, 34.61, 3.07, 0.18]  | [-4.05, -0.12, 0.05, 0.02]   | [82.95, 34.61, 3.07, 0.18]  |     0.918033 |          0.918033 |
|          4 | [123.33, 35.43, 3.18, 0.18] | [23.33, 0.1, 0.12, 0.03]     | [122.9, 35.41, 3.18, 0.18]  |     0.901639 |          0.901639 |
|          5 | [50.0, 31.56, 4.02, 0.11]   | [-30.24, -2.48, 0.82, -0.04] | [110.13, 37.78, 2.09, 0.17] |     0.901639 |          0.885246 |
|          6 | [94.91, 40.02, 2.1, 0.17]   | [-10.56, -0.22, -0.28, 0.02] | [100.01, 41.07, 2.0, 0.17]  |     0.901639 |          0.901639 |
|          7 | [70.67, 30.45, 3.27, 0.22]  | [9.4, 6.79, -0.15, -0.06]    | [113.9, 34.94, 2.59, 0.15]  |     0.885246 |          0.868852 |
|          8 | [108.72, 39.5, 2.58, 0.14]  | [-5.3, 4.37, 0.41, 0.11]     | [116.37, 40.73, 2.7, 0.2]   |     0.885246 |          0.885246 |
|          9 | [107.31, 34.3, 3.03, 0.15]  | [14.93, -4.74, 0.43, 0.03]   | [137.84, 24.26, 3.93, 0.22] |     0.901639 |          0.901639 |
Iteration 15
Global Best Position: [82, 34, 3, 0.18]
Value: 0.9180327868852459

 Table of particles
|   Particle | Position                    | Velocity                    | Best Position               |   Best Value |   Current Fitness |
|------------|-----------------------------|-----------------------------|-----------------------------|--------------|-------------------|
|          0 | [85.78, 35.24, 3.01, 0.16]  | [-14.85, -3.21, 0.34, 0.07] | [82.72, 34.58, 3.08, 0.18]  |     0.918033 |          0.885246 |
|          1 | [74.5, 30.74, 3.16, 0.15]   | [-1.23, -0.3, -0.0, -0.0]   | [63.77, 36.24, 2.66, 0.16]  |     0.901639 |          0.901639 |
|          2 | [85.66, 34.71, 3.05, 0.14]  | [-4.21, -0.13, 0.04, 0.01]  | [102.99, 39.95, 2.64, 0.15] |     0.901639 |          0.885246 |
|          3 | [79.44, 34.47, 3.12, 0.2]   | [-3.51, -0.13, 0.04, 0.02]  | [82.95, 34.61, 3.07, 0.18]  |     0.918033 |          0.868852 |
|          4 | [107.93, 34.79, 3.19, 0.2]  | [-15.4, -0.64, 0.01, 0.02]  | [122.9, 35.41, 3.18, 0.18]  |     0.901639 |          0.885246 |
|          5 | [71.16, 34.08, 3.27, 0.14]  | [21.16, 2.51, -0.75, 0.03]  | [110.13, 37.78, 2.09, 0.17] |     0.901639 |          0.901639 |
|          6 | [73.9, 33.92, 2.96, 0.19]   | [-21.01, -6.1, 0.86, 0.02]  | [100.01, 41.07, 2.0, 0.17]  |     0.901639 |          0.868852 |
|          7 | [95.18, 40.38, 2.88, 0.12]  | [24.51, 9.94, -0.39, -0.1]  | [113.9, 34.94, 2.59, 0.15]  |     0.885246 |          0.868852 |
|          8 | [103.35, 42.73, 3.0, 0.24]  | [-5.37, 3.23, 0.42, 0.11]   | [116.37, 40.73, 2.7, 0.2]   |     0.885246 |          0.819672 |
|          9 | [117.33, 27.12, 3.71, 0.22] | [10.02, -7.18, 0.69, 0.07]  | [137.84, 24.26, 3.93, 0.22] |     0.901639 |          0.901639 |
Iteration 16
Global Best Position: [82, 34, 3, 0.18]
Value: 0.9180327868852459

 Table of particles
|   Particle | Position                    | Velocity                     | Best Position               |   Best Value |   Current Fitness |
|------------|-----------------------------|------------------------------|-----------------------------|--------------|-------------------|
|          0 | [70.24, 31.88, 3.36, 0.24]  | [-15.55, -3.36, 0.36, 0.07]  | [82.72, 34.58, 3.08, 0.18]  |     0.918033 |          0.852459 |
|          1 | [69.61, 35.37, 2.81, 0.16]  | [-4.89, 4.63, -0.35, 0.01]   | [63.77, 36.24, 2.66, 0.16]  |     0.901639 |          0.901639 |
|          2 | [88.89, 36.91, 2.91, 0.16]  | [3.23, 2.2, -0.14, 0.02]     | [102.99, 39.95, 2.64, 0.15] |     0.901639 |          0.885246 |
|          3 | [78.49, 34.43, 3.13, 0.2]   | [-0.95, -0.05, 0.01, 0.01]   | [82.95, 34.61, 3.07, 0.18]  |     0.918033 |          0.868852 |
|          4 | [81.85, 34.49, 3.09, 0.18]  | [-26.07, -0.3, -0.11, -0.02] | [81.85, 34.49, 3.09, 0.18]  |     0.918033 |          0.918033 |
|          5 | [115.42, 38.34, 2.0, 0.2]   | [44.25, 4.26, -1.34, 0.06]   | [110.13, 37.78, 2.09, 0.17] |     0.901639 |          0.901639 |
|          6 | [75.28, 33.89, 3.01, 0.19]  | [1.38, -0.03, 0.05, -0.0]    | [100.01, 41.07, 2.0, 0.17]  |     0.901639 |          0.868852 |
|          7 | [110.36, 40.46, 2.64, 0.11] | [15.18, 0.08, -0.24, -0.01]  | [113.9, 34.94, 2.59, 0.15]  |     0.885246 |          0.868852 |
|          8 | [91.82, 42.34, 3.36, 0.31]  | [-11.53, -0.39, 0.36, 0.06]  | [116.37, 40.73, 2.7, 0.2]   |     0.885246 |          0.786885 |
|          9 | [117.56, 23.47, 4.08, 0.26] | [0.23, -3.65, 0.36, 0.04]    | [137.84, 24.26, 3.93, 0.22] |     0.901639 |          0.819672 |
Iteration 17
Global Best Position: [82, 34, 3, 0.18]
Value: 0.9180327868852459

 Table of particles
|   Particle | Position                    | Velocity                      | Best Position               |   Best Value |   Current Fitness |
|------------|-----------------------------|-------------------------------|-----------------------------|--------------|-------------------|
|          0 | [80.2, 34.03, 3.13, 0.19]   | [9.97, 2.15, -0.23, -0.05]    | [82.72, 34.58, 3.08, 0.18]  |     0.918033 |          0.868852 |
|          1 | [71.62, 38.74, 2.65, 0.18]  | [2.01, 3.37, -0.16, 0.02]     | [63.77, 36.24, 2.66, 0.16]  |     0.901639 |          0.885246 |
|          2 | [95.75, 39.01, 2.75, 0.18]  | [6.86, 2.1, -0.16, 0.02]      | [95.75, 39.01, 2.75, 0.18]  |     0.918033 |          0.918033 |
|          3 | [82.42, 34.57, 3.08, 0.18]  | [3.93, 0.14, -0.05, -0.02]    | [82.95, 34.61, 3.07, 0.18]  |     0.918033 |          0.918033 |
|          4 | [61.31, 34.28, 3.0, 0.17]   | [-20.55, -0.21, -0.09, -0.01] | [81.85, 34.49, 3.09, 0.18]  |     0.918033 |          0.901639 |
|          5 | [138.68, 40.36, 2.0, 0.23]  | [23.26, 2.02, -0.69, 0.03]    | [110.13, 37.78, 2.09, 0.17] |     0.901639 |          0.868852 |
|          6 | [90.41, 37.49, 2.59, 0.17]  | [15.13, 3.6, -0.42, -0.02]    | [100.01, 41.07, 2.0, 0.17]  |     0.901639 |          0.901639 |
|          7 | [122.58, 37.19, 2.46, 0.12] | [12.22, -3.27, -0.19, 0.02]   | [113.9, 34.94, 2.59, 0.15]  |     0.885246 |          0.868852 |
|          8 | [76.85, 36.18, 3.41, 0.25]  | [-14.97, -6.16, 0.05, -0.05]  | [116.37, 40.73, 2.7, 0.2]   |     0.885246 |          0.819672 |
|          9 | [82.92, 34.08, 3.13, 0.18]  | [-34.64, 10.62, -0.95, -0.07] | [82.92, 34.08, 3.13, 0.18]  |     0.918033 |          0.918033 |
Iteration 18
Global Best Position: [82, 34, 3, 0.18]
Value: 0.9180327868852459

 Table of particles
|   Particle | Position                    | Velocity                     | Best Position               |   Best Value |   Current Fitness |
|------------|-----------------------------|------------------------------|-----------------------------|--------------|-------------------|
|          0 | [90.04, 36.16, 2.91, 0.14]  | [9.84, 2.12, -0.23, -0.05]   | [82.72, 34.58, 3.08, 0.18]  |     0.918033 |          0.885246 |
|          1 | [73.83, 40.06, 2.61, 0.19]  | [2.21, 1.32, -0.04, 0.01]    | [63.77, 36.24, 2.66, 0.16]  |     0.901639 |          0.885246 |
|          2 | [92.87, 37.84, 2.83, 0.19]  | [-2.87, -1.16, 0.08, 0.01]   | [95.75, 39.01, 2.75, 0.18]  |     0.918033 |          0.885246 |
|          3 | [85.95, 34.7, 3.04, 0.16]   | [3.53, 0.13, -0.04, -0.02]   | [82.95, 34.61, 3.07, 0.18]  |     0.918033 |          0.885246 |
|          4 | [68.77, 34.41, 3.02, 0.17]  | [7.46, 0.13, 0.02, 0.0]      | [81.85, 34.49, 3.09, 0.18]  |     0.918033 |          0.885246 |
|          5 | [106.9, 37.02, 2.11, 0.19]  | [-31.78, -3.34, 0.11, -0.05] | [106.9, 37.02, 2.11, 0.19]  |     0.918033 |          0.918033 |
|          6 | [102.31, 40.26, 2.27, 0.16] | [11.9, 2.77, -0.32, -0.01]   | [100.01, 41.07, 2.0, 0.17]  |     0.901639 |          0.885246 |
|          7 | [118.05, 33.52, 2.53, 0.16] | [-4.53, -3.67, 0.07, 0.03]   | [118.05, 33.52, 2.53, 0.16] |     0.901639 |          0.901639 |
|          8 | [91.2, 31.63, 2.71, 0.09]   | [14.34, -4.55, -0.69, -0.16] | [116.37, 40.73, 2.7, 0.2]   |     0.885246 |          0.885246 |
|          9 | [55.07, 42.93, 2.33, 0.12]  | [-27.86, 8.84, -0.8, -0.06]  | [82.92, 34.08, 3.13, 0.18]  |     0.918033 |          0.885246 |
Iteration 19
Global Best Position: [82, 34, 3, 0.18]
Value: 0.9180327868852459

 Table of particles
|   Particle | Position                    | Velocity                     | Best Position               |   Best Value |   Current Fitness |
|------------|-----------------------------|------------------------------|-----------------------------|--------------|-------------------|
|          0 | [90.57, 36.27, 2.9, 0.14]   | [0.53, 0.11, -0.01, -0.0]    | [82.72, 34.58, 3.08, 0.18]  |     0.918033 |          0.901639 |
|          1 | [85.3, 34.32, 3.14, 0.18]   | [11.47, -5.74, 0.53, -0.01]  | [63.77, 36.24, 2.66, 0.16]  |     0.901639 |          0.901639 |
|          2 | [88.89, 36.43, 2.93, 0.19]  | [-3.99, -1.42, 0.1, 0.0]     | [95.75, 39.01, 2.75, 0.18]  |     0.918033 |          0.885246 |
|          3 | [86.62, 34.73, 3.03, 0.15]  | [0.67, 0.03, -0.01, -0.0]    | [82.95, 34.61, 3.07, 0.18]  |     0.918033 |          0.885246 |
|          4 | [83.35, 34.6, 3.08, 0.18]   | [14.58, 0.18, 0.06, 0.01]    | [81.85, 34.49, 3.09, 0.18]  |     0.918033 |          0.901639 |
|          5 | [69.0, 33.08, 2.7, 0.14]    | [-37.89, -3.93, 0.59, -0.04] | [106.9, 37.02, 2.11, 0.19]  |     0.918033 |          0.901639 |
|          6 | [110.6, 42.86, 2.0, 0.15]   | [8.3, 2.6, -0.39, -0.01]     | [100.01, 41.07, 2.0, 0.17]  |     0.901639 |          0.901639 |
|          7 | [111.99, 30.66, 2.62, 0.18] | [-6.06, -2.86, 0.1, 0.03]    | [118.05, 33.52, 2.53, 0.16] |     0.901639 |          0.885246 |
|          8 | [111.06, 32.45, 2.24, 0.03] | [19.86, 0.82, -0.47, -0.07]  | [116.37, 40.73, 2.7, 0.2]   |     0.885246 |          0.868852 |
|          9 | [59.25, 41.75, 2.43, 0.13]  | [4.18, -1.18, 0.1, 0.01]     | [82.92, 34.08, 3.13, 0.18]  |     0.918033 |          0.868852 |
Iteration 20
Global Best Position: [82, 34, 3, 0.18]
Value: 0.9180327868852459

 Table of particles
|   Particle | Position                    | Velocity                    | Best Position              |   Best Value |   Current Fitness |
|------------|-----------------------------|-----------------------------|----------------------------|--------------|-------------------|
|          0 | [86.1, 35.31, 3.0, 0.16]    | [-4.48, -0.97, 0.1, 0.02]   | [82.72, 34.58, 3.08, 0.18] |     0.918033 |          0.885246 |
|          1 | [77.75, 31.24, 3.19, 0.15]  | [-7.55, -3.08, 0.05, -0.02] | [63.77, 36.24, 2.66, 0.16] |     0.901639 |          0.901639 |
|          2 | [85.06, 35.15, 3.03, 0.19]  | [-3.82, -1.28, 0.1, -0.0]   | [95.75, 39.01, 2.75, 0.18] |     0.918033 |          0.868852 |
|          3 | [83.26, 34.6, 3.07, 0.17]   | [-3.36, -0.13, 0.04, 0.02]  | [82.95, 34.61, 3.07, 0.18] |     0.918033 |          0.901639 |
|          4 | [93.77, 34.68, 3.13, 0.19]  | [10.42, 0.08, 0.05, 0.01]   | [81.85, 34.49, 3.09, 0.18] |     0.918033 |          0.901639 |
|          5 | [64.75, 32.7, 3.31, 0.15]   | [-4.25, -0.38, 0.61, 0.01]  | [106.9, 37.02, 2.11, 0.19] |     0.918033 |          0.901639 |
|          6 | [101.8, 41.18, 2.04, 0.16]  | [-8.81, -1.68, 0.04, 0.01]  | [100.01, 41.07, 2.0, 0.17] |     0.901639 |          0.901639 |
|          7 | [77.0, 34.28, 3.17, 0.18]   | [-34.99, 3.63, 0.54, 0.0]   | [77.0, 34.28, 3.17, 0.18]  |     0.918033 |          0.918033 |
|          8 | [126.39, 35.62, 2.05, 0.03] | [15.34, 3.18, -0.19, 0.01]  | [116.37, 40.73, 2.7, 0.2]  |     0.885246 |          0.868852 |
|          9 | [91.26, 31.86, 3.32, 0.2]   | [32.01, -9.89, 0.89, 0.07]  | [82.92, 34.08, 3.13, 0.18] |     0.918033 |          0.885246 |
Iteration 21
Global Best Position: [82, 34, 3, 0.18]
Value: 0.9180327868852459

 Table of particles
|   Particle | Position                   | Velocity                      | Best Position              |   Best Value |   Current Fitness |
|------------|----------------------------|-------------------------------|----------------------------|--------------|-------------------|
|          0 | [79.61, 33.9, 3.15, 0.19]  | [-6.49, -1.4, 0.15, 0.03]     | [82.72, 34.58, 3.08, 0.18] |     0.918033 |          0.868852 |
|          1 | [64.22, 31.72, 2.93, 0.14] | [-13.53, 0.48, -0.26, -0.02]  | [63.77, 36.24, 2.66, 0.16] |     0.901639 |          0.901639 |
|          2 | [81.06, 33.96, 3.12, 0.18] | [-4.0, -1.19, 0.09, -0.01]    | [95.75, 39.01, 2.75, 0.18] |     0.918033 |          0.918033 |
|          3 | [80.04, 34.49, 3.11, 0.19] | [-3.21, -0.11, 0.04, 0.02]    | [82.95, 34.61, 3.07, 0.18] |     0.918033 |          0.868852 |
|          4 | [83.32, 34.53, 3.09, 0.18] | [-10.45, -0.15, -0.04, -0.01] | [81.85, 34.49, 3.09, 0.18] |     0.918033 |          0.901639 |
|          5 | [75.31, 33.84, 3.47, 0.18] | [10.56, 1.13, 0.16, 0.02]     | [106.9, 37.02, 2.11, 0.19] |     0.918033 |          0.885246 |
|          6 | [93.1, 39.37, 2.13, 0.17]  | [-8.7, -1.82, 0.09, 0.01]     | [100.01, 41.07, 2.0, 0.17] |     0.901639 |          0.901639 |
|          7 | [52.42, 37.36, 3.55, 0.18] | [-24.58, 3.08, 0.38, -0.0]    | [77.0, 34.28, 3.17, 0.18]  |     0.918033 |          0.901639 |
|          8 | [121.82, 38.6, 2.37, 0.11] | [-4.58, 2.98, 0.31, 0.08]     | [116.37, 40.73, 2.7, 0.2]  |     0.885246 |          0.868852 |
|          9 | [107.85, 26.58, 3.8, 0.23] | [16.59, -5.28, 0.47, 0.04]    | [82.92, 34.08, 3.13, 0.18] |     0.918033 |          0.868852 |
Iteration 22
Global Best Position: [82, 34, 3, 0.18]
Value: 0.9180327868852459

 Table of particles
|   Particle | Position                   | Velocity                     | Best Position              |   Best Value |   Current Fitness |
|------------|----------------------------|------------------------------|----------------------------|--------------|-------------------|
|          0 | [78.5, 33.66, 3.17, 0.2]   | [-1.11, -0.24, 0.03, 0.01]   | [82.72, 34.58, 3.08, 0.18] |     0.918033 |          0.868852 |
|          1 | [68.4, 36.22, 2.74, 0.16]  | [4.18, 4.51, -0.19, 0.03]    | [63.77, 36.24, 2.66, 0.16] |     0.901639 |          0.901639 |
|          2 | [84.32, 35.27, 3.03, 0.17] | [3.26, 1.31, -0.09, -0.01]   | [95.75, 39.01, 2.75, 0.18] |     0.918033 |          0.901639 |
|          3 | [79.26, 34.46, 3.12, 0.2]  | [-0.79, -0.03, 0.01, 0.0]    | [82.95, 34.61, 3.07, 0.18] |     0.918033 |          0.868852 |
|          4 | [74.02, 34.46, 3.04, 0.17] | [-9.3, -0.07, -0.04, -0.01]  | [81.85, 34.49, 3.09, 0.18] |     0.918033 |          0.885246 |
|          5 | [95.17, 35.89, 3.07, 0.2]  | [19.86, 2.05, -0.4, 0.02]    | [106.9, 37.02, 2.11, 0.19] |     0.918033 |          0.885246 |
|          6 | [81.85, 35.19, 2.84, 0.18] | [-11.25, -4.18, 0.72, 0.01]  | [81.85, 35.19, 2.84, 0.18] |     0.918033 |          0.918033 |
|          7 | [73.97, 35.77, 3.21, 0.17] | [21.55, -1.59, -0.33, -0.01] | [77.0, 34.28, 3.17, 0.18]  |     0.918033 |          0.901639 |
|          8 | [85.19, 39.25, 3.36, 0.28] | [-36.63, 0.65, 1.0, 0.16]    | [116.37, 40.73, 2.7, 0.2]  |     0.885246 |          0.819672 |
|          9 | [93.66, 31.05, 3.39, 0.2]  | [-14.19, 4.47, -0.4, -0.03]  | [82.92, 34.08, 3.13, 0.18] |     0.918033 |          0.885246 |
Iteration 23
Global Best Position: [82, 34, 3, 0.18]
Value: 0.9180327868852459

 Table of particles
|   Particle | Position                    | Velocity                     | Best Position              |   Best Value |   Current Fitness |
|------------|-----------------------------|------------------------------|----------------------------|--------------|-------------------|
|          0 | [81.77, 34.37, 3.1, 0.18]   | [3.27, 0.71, -0.07, -0.02]   | [82.72, 34.58, 3.08, 0.18] |     0.918033 |          0.918033 |
|          1 | [72.43, 39.61, 2.61, 0.18]  | [4.03, 3.38, -0.13, 0.02]    | [63.77, 36.24, 2.66, 0.16] |     0.901639 |          0.901639 |
|          2 | [85.91, 35.84, 2.99, 0.17]  | [1.58, 0.57, -0.04, -0.0]    | [95.75, 39.01, 2.75, 0.18] |     0.918033 |          0.885246 |
|          3 | [80.23, 34.49, 3.11, 0.19]  | [0.97, 0.03, -0.01, -0.01]   | [82.95, 34.61, 3.07, 0.18] |     0.918033 |          0.868852 |
|          4 | [71.89, 34.43, 3.04, 0.17]  | [-2.12, -0.03, -0.01, -0.0]  | [81.85, 34.49, 3.09, 0.18] |     0.918033 |          0.885246 |
|          5 | [107.86, 37.15, 2.35, 0.19] | [12.69, 1.26, -0.72, -0.0]   | [106.9, 37.02, 2.11, 0.19] |     0.918033 |          0.885246 |
|          6 | [73.44, 31.43, 3.58, 0.18]  | [-8.41, -3.76, 0.73, 0.0]    | [81.85, 35.19, 2.84, 0.18] |     0.918033 |          0.901639 |
|          7 | [95.33, 33.56, 2.88, 0.17]  | [21.36, -2.21, -0.33, -0.0]  | [77.0, 34.28, 3.17, 0.18]  |     0.918033 |          0.918033 |
|          8 | [65.83, 39.46, 3.89, 0.36]  | [-19.36, 0.21, 0.53, 0.09]   | [116.37, 40.73, 2.7, 0.2]  |     0.885246 |          0.52459  |
|          9 | [68.84, 38.68, 2.71, 0.15]  | [-24.82, 7.63, -0.68, -0.05] | [82.92, 34.08, 3.13, 0.18] |     0.918033 |          0.901639 |
Iteration 24
Global Best Position: [82, 34, 3, 0.18]
Value: 0.9180327868852459

 Table of particles
|   Particle | Position                   | Velocity                     | Best Position              |   Best Value |   Current Fitness |
|------------|----------------------------|------------------------------|----------------------------|--------------|-------------------|
|          0 | [85.8, 35.24, 3.01, 0.16]  | [4.03, 0.87, -0.09, -0.02]   | [82.72, 34.58, 3.08, 0.18] |     0.918033 |          0.885246 |
|          1 | [81.77, 35.72, 2.99, 0.18] | [9.34, -3.88, 0.39, -0.0]    | [81.77, 35.72, 2.99, 0.18] |     0.918033 |          0.918033 |
|          2 | [89.78, 37.03, 2.9, 0.17]  | [3.87, 1.18, -0.09, 0.01]    | [95.75, 39.01, 2.75, 0.18] |     0.918033 |          0.885246 |
|          3 | [82.31, 34.56, 3.08, 0.18] | [2.08, 0.07, -0.02, -0.01]   | [82.95, 34.61, 3.07, 0.18] |     0.918033 |          0.918033 |
|          4 | [88.68, 34.61, 3.11, 0.18] | [16.79, 0.18, 0.07, 0.01]    | [81.85, 34.49, 3.09, 0.18] |     0.918033 |          0.901639 |
|          5 | [97.72, 36.06, 2.25, 0.18] | [-10.14, -1.08, -0.1, -0.02] | [106.9, 37.02, 2.11, 0.19] |     0.918033 |          0.918033 |
|          6 | [74.23, 31.11, 3.72, 0.18] | [0.79, -0.32, 0.14, -0.0]    | [81.85, 35.19, 2.84, 0.18] |     0.918033 |          0.901639 |
|          7 | [97.02, 32.58, 2.86, 0.18] | [1.69, -0.98, -0.03, 0.01]   | [77.0, 34.28, 3.17, 0.18]  |     0.918033 |          0.918033 |
|          8 | [91.15, 35.51, 2.95, 0.17] | [25.31, -3.95, -0.94, -0.19] | [91.15, 35.51, 2.95, 0.17] |     0.901639 |          0.901639 |
|          9 | [50.22, 44.4, 2.2, 0.11]   | [-18.62, 5.71, -0.51, -0.04] | [82.92, 34.08, 3.13, 0.18] |     0.918033 |          0.885246 |
Iteration 25
Global Best Position: [82, 34, 3, 0.18]
Value: 0.9180327868852459

 Table of particles
|   Particle | Position                    | Velocity                     | Best Position              |   Best Value |   Current Fitness |
|------------|-----------------------------|------------------------------|----------------------------|--------------|-------------------|
|          0 | [85.74, 35.23, 3.01, 0.16]  | [-0.06, -0.01, 0.0, 0.0]     | [82.72, 34.58, 3.08, 0.18] |     0.918033 |          0.885246 |
|          1 | [90.0, 31.7, 3.37, 0.17]    | [8.22, -4.02, 0.38, -0.01]   | [81.77, 35.72, 2.99, 0.18] |     0.918033 |          0.885246 |
|          2 | [90.03, 36.97, 2.9, 0.18]   | [0.25, -0.05, 0.0, 0.01]     | [95.75, 39.01, 2.75, 0.18] |     0.918033 |          0.901639 |
|          3 | [84.57, 34.65, 3.05, 0.17]  | [2.26, 0.09, -0.03, -0.01]   | [82.95, 34.61, 3.07, 0.18] |     0.918033 |          0.901639 |
|          4 | [94.31, 34.68, 3.13, 0.19]  | [5.63, 0.07, 0.02, 0.0]      | [81.85, 34.49, 3.09, 0.18] |     0.918033 |          0.901639 |
|          5 | [76.94, 33.95, 2.93, 0.16]  | [-20.78, -2.12, 0.69, -0.01] | [106.9, 37.02, 2.11, 0.19] |     0.918033 |          0.901639 |
|          6 | [81.16, 33.66, 3.28, 0.18]  | [6.93, 2.55, -0.44, -0.0]    | [81.85, 35.19, 2.84, 0.18] |     0.918033 |          0.918033 |
|          7 | [79.25, 34.06, 3.13, 0.18]  | [-17.77, 1.48, 0.28, 0.0]    | [77.0, 34.28, 3.17, 0.18]  |     0.918033 |          0.901639 |
|          8 | [109.28, 32.11, 2.23, 0.02] | [18.13, -3.4, -0.72, -0.15]  | [91.15, 35.51, 2.95, 0.17] |     0.901639 |          0.868852 |
|          9 | [77.37, 36.1, 2.94, 0.17]   | [27.15, -8.29, 0.74, 0.06]   | [82.92, 34.08, 3.13, 0.18] |     0.918033 |          0.901639 |
Iteration 26
Global Best Position: [82, 34, 3, 0.18]
Value: 0.9180327868852459

 Table of particles
|   Particle | Position                   | Velocity                   | Best Position              |   Best Value |   Current Fitness |
|------------|----------------------------|----------------------------|----------------------------|--------------|-------------------|
|          0 | [83.24, 34.69, 3.07, 0.17] | [-2.5, -0.54, 0.06, 0.01]  | [82.72, 34.58, 3.08, 0.18] |     0.918033 |          0.901639 |
|          1 | [90.9, 30.91, 3.43, 0.17]  | [0.9, -0.79, 0.06, -0.0]   | [81.77, 35.72, 2.99, 0.18] |     0.918033 |          0.901639 |
|          2 | [86.59, 35.77, 2.98, 0.18] | [-3.44, -1.2, 0.09, 0.0]   | [95.75, 39.01, 2.75, 0.18] |     0.918033 |          0.901639 |
|          3 | [84.43, 34.65, 3.06, 0.17] | [-0.14, -0.0, 0.0, 0.0]    | [82.95, 34.61, 3.07, 0.18] |     0.918033 |          0.901639 |
|          4 | [94.52, 34.69, 3.13, 0.19] | [0.21, 0.0, 0.0, 0.0]      | [81.85, 34.49, 3.09, 0.18] |     0.918033 |          0.901639 |
|          5 | [66.21, 32.88, 3.51, 0.16] | [-10.74, -1.07, 0.57, 0.0] | [106.9, 37.02, 2.11, 0.19] |     0.918033 |          0.901639 |
|          6 | [87.27, 36.68, 2.66, 0.18] | [6.11, 3.02, -0.62, -0.0]  | [81.85, 35.19, 2.84, 0.18] |     0.918033 |          0.901639 |
|          7 | [65.79, 35.49, 3.34, 0.18] | [-13.46, 1.43, 0.21, -0.0] | [77.0, 34.28, 3.17, 0.18]  |     0.918033 |          0.885246 |
|          8 | [87.2, 33.71, 2.9, 0.14]   | [-22.07, 1.59, 0.67, 0.12] | [91.15, 35.51, 2.95, 0.17] |     0.901639 |          0.901639 |
|          9 | [101.17, 28.76, 3.6, 0.22] | [23.8, -7.35, 0.66, 0.05]  | [82.92, 34.08, 3.13, 0.18] |     0.918033 |          0.885246 |
Iteration 27
Global Best Position: [82, 34, 3, 0.18]
Value: 0.9180327868852459

 Table of particles
|   Particle | Position                    | Velocity                    | Best Position              |   Best Value |   Current Fitness |
|------------|-----------------------------|-----------------------------|----------------------------|--------------|-------------------|
|          0 | [80.69, 34.14, 3.12, 0.19]  | [-2.55, -0.55, 0.06, 0.01]  | [82.72, 34.58, 3.08, 0.18] |     0.918033 |          0.868852 |
|          1 | [79.67, 35.9, 2.95, 0.18]   | [-11.22, 4.99, -0.48, 0.01] | [81.77, 35.72, 2.99, 0.18] |     0.918033 |          0.901639 |
|          2 | [87.64, 36.21, 2.95, 0.18]  | [1.05, 0.43, -0.03, -0.0]   | [95.75, 39.01, 2.75, 0.18] |     0.918033 |          0.901639 |
|          3 | [81.75, 34.55, 3.09, 0.18]  | [-2.69, -0.1, 0.03, 0.02]   | [82.95, 34.61, 3.07, 0.18] |     0.918033 |          0.901639 |
|          4 | [90.26, 34.65, 3.11, 0.18]  | [-4.26, -0.04, -0.02, -0.0] | [81.85, 34.49, 3.09, 0.18] |     0.918033 |          0.901639 |
|          5 | [74.23, 33.73, 3.49, 0.18]  | [8.02, 0.85, -0.02, 0.01]   | [106.9, 37.02, 2.11, 0.19] |     0.918033 |          0.885246 |
|          6 | [88.38, 37.76, 2.38, 0.18]  | [1.11, 1.09, -0.28, 0.0]    | [81.85, 35.19, 2.84, 0.18] |     0.918033 |          0.901639 |
|          7 | [66.41, 35.97, 3.33, 0.18]  | [0.62, 0.48, -0.01, -0.0]   | [77.0, 34.28, 3.17, 0.18]  |     0.918033 |          0.885246 |
|          8 | [66.99, 36.9, 3.65, 0.29]   | [-20.21, 3.19, 0.75, 0.15]  | [91.15, 35.51, 2.95, 0.17] |     0.901639 |          0.819672 |
|          9 | [100.34, 28.88, 3.59, 0.22] | [-0.83, 0.13, -0.01, -0.0]  | [82.92, 34.08, 3.13, 0.18] |     0.918033 |          0.885246 |
Iteration 28
Global Best Position: [82, 34, 3, 0.18]
Value: 0.9180327868852459

 Table of particles
|   Particle | Position                   | Velocity                      | Best Position              |   Best Value |   Current Fitness |
|------------|----------------------------|-------------------------------|----------------------------|--------------|-------------------|
|          0 | [79.65, 33.91, 3.15, 0.19] | [-1.04, -0.23, 0.02, 0.01]    | [82.72, 34.58, 3.08, 0.18] |     0.918033 |          0.868852 |
|          1 | [72.58, 39.47, 2.62, 0.18] | [-7.09, 3.57, -0.33, 0.01]    | [81.77, 35.72, 2.99, 0.18] |     0.918033 |          0.901639 |
|          2 | [89.7, 37.01, 2.9, 0.17]   | [2.06, 0.81, -0.06, -0.01]    | [95.75, 39.01, 2.75, 0.18] |     0.918033 |          0.885246 |
|          3 | [80.3, 34.5, 3.11, 0.19]   | [-1.44, -0.05, 0.02, 0.01]    | [82.95, 34.61, 3.07, 0.18] |     0.918033 |          0.868852 |
|          4 | [76.8, 34.48, 3.06, 0.17]  | [-13.45, -0.17, -0.05, -0.01] | [81.85, 34.49, 3.09, 0.18] |     0.918033 |          0.885246 |
|          5 | [88.94, 35.23, 3.08, 0.19] | [14.72, 1.51, -0.41, 0.01]    | [106.9, 37.02, 2.11, 0.19] |     0.918033 |          0.868852 |
|          6 | [83.83, 36.28, 2.61, 0.18] | [-4.55, -1.48, 0.23, 0.0]     | [81.85, 35.19, 2.84, 0.18] |     0.918033 |          0.901639 |
|          7 | [83.36, 34.57, 3.07, 0.18] | [16.95, -1.4, -0.26, -0.0]    | [77.0, 34.28, 3.17, 0.18]  |     0.918033 |          0.901639 |
|          8 | [76.25, 36.82, 3.42, 0.26] | [9.26, -0.08, -0.23, -0.03]   | [91.15, 35.51, 2.95, 0.17] |     0.901639 |          0.819672 |
|          9 | [73.07, 37.45, 2.82, 0.16] | [-27.28, 8.56, -0.77, -0.06]  | [82.92, 34.08, 3.13, 0.18] |     0.918033 |          0.901639 |
Iteration 29
Global Best Position: [82, 34, 3, 0.18]
Value: 0.9180327868852459

 Table of particles
|   Particle | Position                    | Velocity                     | Best Position              |   Best Value |   Current Fitness |
|------------|-----------------------------|------------------------------|----------------------------|--------------|-------------------|
|          0 | [81.35, 34.28, 3.11, 0.18]  | [1.7, 0.37, -0.04, -0.01]    | [82.72, 34.58, 3.08, 0.18] |     0.918033 |          0.901639 |
|          1 | [79.31, 36.56, 2.9, 0.18]   | [6.73, -2.91, 0.28, -0.0]    | [81.77, 35.72, 2.99, 0.18] |     0.918033 |          0.901639 |
|          2 | [83.84, 35.02, 3.05, 0.17]  | [-5.85, -1.99, 0.15, -0.0]   | [95.75, 39.01, 2.75, 0.18] |     0.918033 |          0.901639 |
|          3 | [81.72, 34.55, 3.09, 0.18]  | [1.42, 0.04, -0.02, -0.01]   | [82.95, 34.61, 3.07, 0.18] |     0.918033 |          0.901639 |
|          4 | [70.59, 34.39, 3.03, 0.17]  | [-6.22, -0.09, -0.02, -0.0]  | [81.85, 34.49, 3.09, 0.18] |     0.918033 |          0.885246 |
|          5 | [101.21, 36.46, 2.46, 0.19] | [12.26, 1.22, -0.62, 0.0]    | [106.9, 37.02, 2.11, 0.19] |     0.918033 |          0.901639 |
|          6 | [78.23, 33.02, 3.33, 0.18]  | [-5.6, -3.26, 0.72, -0.0]    | [81.85, 35.19, 2.84, 0.18] |     0.918033 |          0.901639 |
|          7 | [91.99, 33.27, 2.93, 0.18]  | [8.63, -1.3, -0.13, 0.0]     | [77.0, 34.28, 3.17, 0.18]  |     0.918033 |          0.918033 |
|          8 | [98.43, 34.19, 2.67, 0.11]  | [22.18, -2.63, -0.75, -0.15] | [91.15, 35.51, 2.95, 0.17] |     0.901639 |          0.868852 |
|          9 | [55.69, 42.82, 2.34, 0.12]  | [-17.37, 5.37, -0.48, -0.04] | [82.92, 34.08, 3.13, 0.18] |     0.918033 |          0.885246 |
Iteration 30
Global Best Position: [82, 34, 3, 0.18]
Value: 0.9180327868852459

 Table of particles
|   Particle | Position                   | Velocity                    | Best Position              |   Best Value |   Current Fitness |
|------------|----------------------------|-----------------------------|----------------------------|--------------|-------------------|
|          0 | [83.47, 34.74, 3.06, 0.17] | [2.13, 0.46, -0.05, -0.01]  | [82.72, 34.58, 3.08, 0.18] |     0.918033 |          0.901639 |
|          1 | [88.83, 32.02, 3.33, 0.17] | [9.51, -4.55, 0.43, -0.01]  | [81.77, 35.72, 2.99, 0.18] |     0.918033 |          0.901639 |
|          2 | [78.79, 33.28, 3.17, 0.17] | [-5.05, -1.74, 0.13, 0.0]   | [95.75, 39.01, 2.75, 0.18] |     0.918033 |          0.885246 |
|          3 | [84.56, 34.64, 3.05, 0.17] | [2.84, 0.1, -0.03, -0.02]   | [82.95, 34.61, 3.07, 0.18] |     0.918033 |          0.901639 |
|          4 | [72.97, 34.42, 3.04, 0.17] | [2.38, 0.03, 0.01, 0.0]     | [81.85, 34.49, 3.09, 0.18] |     0.918033 |          0.885246 |
|          5 | [109.98, 37.32, 2.0, 0.19] | [8.77, 0.87, -0.54, -0.0]   | [106.9, 37.02, 2.11, 0.19] |     0.918033 |          0.918033 |
|          6 | [76.46, 31.48, 3.71, 0.18] | [-1.77, -1.55, 0.39, -0.0]  | [81.85, 35.19, 2.84, 0.18] |     0.918033 |          0.885246 |
|          7 | [87.12, 33.42, 3.01, 0.18] | [-4.88, 0.15, 0.08, 0.0]    | [77.0, 34.28, 3.17, 0.18]  |     0.918033 |          0.901639 |
|          8 | [100.42, 32.5, 2.48, 0.06] | [1.99, -1.69, -0.19, -0.05] | [91.15, 35.51, 2.95, 0.17] |     0.901639 |          0.885246 |
|          9 | [50.0, 45.1, 2.13, 0.1]    | [-7.41, 2.28, -0.2, -0.02]  | [82.92, 34.08, 3.13, 0.18] |     0.918033 |          0.868852 |
Iteration 31
Global Best Position: [82, 34, 3, 0.18]
Value: 0.9180327868852459

 Table of particles
|   Particle | Position                   | Velocity                   | Best Position              |   Best Value |   Current Fitness |
|------------|----------------------------|----------------------------|----------------------------|--------------|-------------------|
|          0 | [84.52, 34.96, 3.04, 0.17] | [1.04, 0.22, -0.02, -0.01] | [82.72, 34.58, 3.08, 0.18] |     0.918033 |          0.901639 |
|          1 | [92.42, 30.19, 3.5, 0.17]  | [3.59, -1.83, 0.17, -0.0]  | [81.77, 35.72, 2.99, 0.18] |     0.918033 |          0.901639 |
|          2 | [81.15, 34.03, 3.12, 0.18] | [2.36, 0.75, -0.06, 0.0]   | [95.75, 39.01, 2.75, 0.18] |     0.918033 |          0.918033 |
|          3 | [84.81, 34.66, 3.05, 0.16] | [0.25, 0.01, -0.0, -0.0]   | [82.95, 34.61, 3.07, 0.18] |     0.918033 |          0.885246 |
|          4 | [84.34, 34.58, 3.09, 0.18] | [11.38, 0.16, 0.04, 0.01]  | [81.85, 34.49, 3.09, 0.18] |     0.918033 |          0.901639 |
|          5 | [102.88, 36.6, 2.12, 0.18] | [-7.1, -0.73, 0.12, -0.01] | [106.9, 37.02, 2.11, 0.19] |     0.918033 |          0.918033 |
|          6 | [82.33, 34.18, 3.18, 0.18] | [5.87, 2.7, -0.53, -0.0]   | [81.85, 35.19, 2.84, 0.18] |     0.918033 |          0.918033 |
|          7 | [77.54, 34.11, 3.16, 0.18] | [-9.58, 0.69, 0.15, 0.0]   | [77.0, 34.28, 3.17, 0.18]  |     0.918033 |          0.901639 |
|          8 | [90.72, 33.24, 2.77, 0.11] | [-9.7, 0.75, 0.3, 0.05]    | [91.15, 35.51, 2.95, 0.17] |     0.901639 |          0.868852 |
|          9 | [70.77, 38.07, 2.77, 0.15] | [20.77, -7.03, 0.63, 0.05] | [82.92, 34.08, 3.13, 0.18] |     0.918033 |          0.901639 |
Iteration 32
Global Best Position: [82, 34, 3, 0.18]
Value: 0.9180327868852459

 Table of particles
|   Particle | Position                   | Velocity                   | Best Position              |   Best Value |   Current Fitness |
|------------|----------------------------|----------------------------|----------------------------|--------------|-------------------|
|          0 | [83.44, 34.73, 3.06, 0.17] | [-1.08, -0.23, 0.02, 0.01] | [82.72, 34.58, 3.08, 0.18] |     0.918033 |          0.901639 |
|          1 | [81.54, 35.19, 3.02, 0.18] | [-10.88, 5.0, -0.48, 0.01] | [81.77, 35.72, 2.99, 0.18] |     0.918033 |          0.918033 |
|          2 | [89.98, 37.0, 2.9, 0.18]   | [8.83, 2.97, -0.22, 0.0]   | [95.75, 39.01, 2.75, 0.18] |     0.918033 |          0.901639 |
|          3 | [83.5, 34.62, 3.07, 0.17]  | [-1.31, -0.04, 0.02, 0.01] | [82.95, 34.61, 3.07, 0.18] |     0.918033 |          0.901639 |
|          4 | [90.89, 34.66, 3.11, 0.18] | [6.55, 0.08, 0.03, 0.0]    | [81.85, 34.49, 3.09, 0.18] |     0.918033 |          0.901639 |
|          5 | [94.33, 35.73, 2.43, 0.18] | [-8.55, -0.86, 0.31, -0.0] | [106.9, 37.02, 2.11, 0.19] |     0.918033 |          0.918033 |
|          6 | [87.38, 36.96, 2.58, 0.18] | [5.05, 2.78, -0.6, 0.0]    | [81.85, 35.19, 2.84, 0.18] |     0.918033 |          0.901639 |
|          7 | [72.65, 34.98, 3.23, 0.18] | [-4.89, 0.87, 0.08, -0.0]  | [77.0, 34.28, 3.17, 0.18]  |     0.918033 |          0.901639 |
|          8 | [76.76, 35.07, 3.26, 0.21] | [-13.96, 1.83, 0.49, 0.1]  | [91.15, 35.51, 2.95, 0.17] |     0.901639 |          0.885246 |
|          9 | [98.32, 29.12, 3.57, 0.22] | [27.55, -8.95, 0.8, 0.06]  | [82.92, 34.08, 3.13, 0.18] |     0.918033 |          0.885246 |
Iteration 33
Global Best Position: [82, 34, 3, 0.18]
Value: 0.9180327868852459

 Table of particles
|   Particle | Position                   | Velocity                   | Best Position              |   Best Value |   Current Fitness |
|------------|----------------------------|----------------------------|----------------------------|--------------|-------------------|
|          0 | [82.56, 34.54, 3.08, 0.18] | [-0.88, -0.19, 0.02, 0.0]  | [82.72, 34.58, 3.08, 0.18] |     0.918033 |          0.918033 |
|          1 | [73.51, 39.06, 2.66, 0.18] | [-8.03, 3.86, -0.36, 0.01] | [81.77, 35.72, 2.99, 0.18] |     0.918033 |          0.901639 |
|          2 | [97.73, 39.64, 2.7, 0.18]  | [7.75, 2.64, -0.2, 0.0]    | [95.75, 39.01, 2.75, 0.18] |     0.918033 |          0.918033 |
|          3 | [81.25, 34.53, 3.09, 0.19] | [-2.25, -0.09, 0.03, 0.01] | [82.95, 34.61, 3.07, 0.18] |     0.918033 |          0.901639 |
|          4 | [89.11, 34.6, 3.11, 0.18]  | [-1.78, -0.06, -0.0, 0.0]  | [81.85, 34.49, 3.09, 0.18] |     0.918033 |          0.901639 |
|          5 | [94.68, 35.78, 2.54, 0.18] | [0.35, 0.05, 0.1, 0.0]     | [106.9, 37.02, 2.11, 0.19] |     0.918033 |          0.918033 |
|          6 | [85.31, 36.67, 2.57, 0.18] | [-2.07, -0.29, -0.01, 0.0] | [81.85, 35.19, 2.84, 0.18] |     0.918033 |          0.901639 |
|          7 | [70.2, 35.5, 3.27, 0.18]   | [-2.45, 0.52, 0.04, -0.0]  | [77.0, 34.28, 3.17, 0.18]  |     0.918033 |          0.885246 |
|          8 | [77.33, 36.56, 3.37, 0.25] | [0.57, 1.49, 0.11, 0.04]   | [91.15, 35.51, 2.95, 0.17] |     0.901639 |          0.819672 |
|          9 | [101.0, 28.6, 3.61, 0.22]  | [2.68, -0.52, 0.04, 0.0]   | [82.92, 34.08, 3.13, 0.18] |     0.918033 |          0.885246 |
Iteration 34
Global Best Position: [82, 34, 3, 0.18]
Value: 0.9180327868852459

 Table of particles
|   Particle | Position                    | Velocity                      | Best Position              |   Best Value |   Current Fitness |
|------------|-----------------------------|-------------------------------|----------------------------|--------------|-------------------|
|          0 | [82.05, 34.43, 3.09, 0.18]  | [-0.51, -0.11, 0.01, 0.0]     | [82.72, 34.58, 3.08, 0.18] |     0.918033 |          0.918033 |
|          1 | [80.19, 36.18, 2.94, 0.18]  | [6.68, -2.87, 0.28, -0.0]     | [81.77, 35.72, 2.99, 0.18] |     0.918033 |          0.918033 |
|          2 | [100.53, 40.61, 2.63, 0.18] | [2.8, 0.97, -0.07, -0.0]      | [95.75, 39.01, 2.75, 0.18] |     0.918033 |          0.918033 |
|          3 | [79.89, 34.48, 3.11, 0.19]  | [-1.36, -0.06, 0.02, 0.01]    | [82.95, 34.61, 3.07, 0.18] |     0.918033 |          0.868852 |
|          4 | [78.97, 34.47, 3.07, 0.18]  | [-10.15, -0.13, -0.04, -0.01] | [81.85, 34.49, 3.09, 0.18] |     0.918033 |          0.901639 |
|          5 | [87.37, 35.06, 3.02, 0.18]  | [-7.32, -0.73, 0.49, 0.0]     | [106.9, 37.02, 2.11, 0.19] |     0.918033 |          0.901639 |
|          6 | [82.08, 35.53, 2.75, 0.18]  | [-3.24, -1.14, 0.19, 0.0]     | [81.85, 35.19, 2.84, 0.18] |     0.918033 |          0.918033 |
|          7 | [78.61, 34.65, 3.14, 0.18]  | [8.41, -0.84, -0.13, -0.0]    | [77.0, 34.28, 3.17, 0.18]  |     0.918033 |          0.901639 |
|          8 | [84.43, 36.5, 3.2, 0.22]    | [7.1, -0.06, -0.18, -0.03]    | [91.15, 35.51, 2.95, 0.17] |     0.901639 |          0.868852 |
|          9 | [80.84, 35.46, 3.0, 0.17]   | [-20.16, 6.86, -0.62, -0.05]  | [82.92, 34.08, 3.13, 0.18] |     0.918033 |          0.901639 |
Iteration 35
Global Best Position: [82, 34, 3, 0.18]
Value: 0.9180327868852459

 Table of particles
|   Particle | Position                   | Velocity                     | Best Position              |   Best Value |   Current Fitness |
|------------|----------------------------|------------------------------|----------------------------|--------------|-------------------|
|          0 | [82.33, 34.49, 3.09, 0.18] | [0.28, 0.06, -0.01, -0.0]    | [82.72, 34.58, 3.08, 0.18] |     0.918033 |          0.918033 |
|          1 | [87.44, 32.96, 3.25, 0.18] | [7.25, -3.22, 0.31, -0.0]    | [81.77, 35.72, 2.99, 0.18] |     0.918033 |          0.901639 |
|          2 | [98.83, 40.05, 2.67, 0.18] | [-1.7, -0.56, 0.04, -0.0]    | [95.75, 39.01, 2.75, 0.18] |     0.918033 |          0.918033 |
|          3 | [82.97, 34.59, 3.07, 0.17] | [3.09, 0.11, -0.04, -0.02]   | [82.95, 34.61, 3.07, 0.18] |     0.918033 |          0.918033 |
|          4 | [72.93, 34.38, 3.05, 0.17] | [-6.03, -0.09, -0.02, -0.0]  | [81.85, 34.49, 3.09, 0.18] |     0.918033 |          0.885246 |
|          5 | [84.79, 34.79, 3.13, 0.18] | [-2.57, -0.26, 0.11, -0.0]   | [106.9, 37.02, 2.11, 0.19] |     0.918033 |          0.901639 |
|          6 | [79.5, 34.38, 2.98, 0.18]  | [-2.58, -1.15, 0.22, 0.0]    | [81.85, 35.19, 2.84, 0.18] |     0.918033 |          0.901639 |
|          7 | [85.95, 33.96, 3.03, 0.18] | [7.34, -0.69, -0.11, -0.0]   | [77.0, 34.28, 3.17, 0.18]  |     0.918033 |          0.901639 |
|          8 | [90.31, 34.47, 2.89, 0.15] | [5.88, -2.03, -0.31, -0.07]  | [91.15, 35.51, 2.95, 0.17] |     0.901639 |          0.885246 |
|          9 | [65.9, 40.28, 2.56, 0.14]  | [-14.94, 4.82, -0.43, -0.03] | [82.92, 34.08, 3.13, 0.18] |     0.918033 |          0.885246 |
Iteration 36
Global Best Position: [82, 34, 3, 0.18]
Value: 0.9180327868852459

 Table of particles
|   Particle | Position                   | Velocity                     | Best Position              |   Best Value |   Current Fitness |
|------------|----------------------------|------------------------------|----------------------------|--------------|-------------------|
|          0 | [83.19, 34.68, 3.07, 0.17] | [0.86, 0.19, -0.02, -0.0]    | [82.72, 34.58, 3.08, 0.18] |     0.918033 |          0.901639 |
|          1 | [90.99, 31.44, 3.4, 0.17]  | [3.55, -1.52, 0.15, -0.0]    | [81.77, 35.72, 2.99, 0.18] |     0.918033 |          0.901639 |
|          2 | [86.19, 35.77, 2.99, 0.18] | [-12.64, -4.28, 0.32, -0.0]  | [95.75, 39.01, 2.75, 0.18] |     0.918033 |          0.901639 |
|          3 | [85.27, 34.68, 3.05, 0.16] | [2.3, 0.09, -0.03, -0.01]    | [82.95, 34.61, 3.07, 0.18] |     0.918033 |          0.885246 |
|          4 | [82.19, 34.55, 3.08, 0.18] | [9.26, 0.17, 0.03, 0.0]      | [81.85, 34.49, 3.09, 0.18] |     0.918033 |          0.918033 |
|          5 | [87.15, 35.02, 2.85, 0.18] | [2.35, 0.22, -0.27, -0.0]    | [106.9, 37.02, 2.11, 0.19] |     0.918033 |          0.901639 |
|          6 | [80.46, 34.07, 3.12, 0.18] | [0.97, -0.31, 0.14, -0.0]    | [81.85, 35.19, 2.84, 0.18] |     0.918033 |          0.918033 |
|          7 | [85.35, 34.03, 3.04, 0.18] | [-0.6, 0.07, 0.01, -0.0]     | [77.0, 34.28, 3.17, 0.18]  |     0.918033 |          0.901639 |
|          8 | [86.85, 33.16, 2.86, 0.13] | [-3.47, -1.32, -0.03, -0.02] | [91.15, 35.51, 2.95, 0.17] |     0.901639 |          0.868852 |
|          9 | [72.88, 37.45, 2.82, 0.16] | [6.98, -2.83, 0.26, 0.02]    | [82.92, 34.08, 3.13, 0.18] |     0.918033 |          0.901639 |
Iteration 37
Global Best Position: [82, 34, 3, 0.18]
Value: 0.9180327868852459

 Table of particles
|   Particle | Position                   | Velocity                   | Best Position              |   Best Value |   Current Fitness |
|------------|----------------------------|----------------------------|----------------------------|--------------|-------------------|
|          0 | [83.14, 34.67, 3.07, 0.17] | [-0.05, -0.01, 0.0, 0.0]   | [82.72, 34.58, 3.08, 0.18] |     0.918033 |          0.901639 |
|          1 | [81.68, 35.21, 3.02, 0.18] | [-9.31, 3.77, -0.38, 0.0]  | [81.77, 35.72, 2.99, 0.18] |     0.918033 |          0.918033 |
|          2 | [80.93, 33.98, 3.12, 0.18] | [-5.26, -1.79, 0.13, -0.0] | [95.75, 39.01, 2.75, 0.18] |     0.918033 |          0.918033 |
|          3 | [85.31, 34.69, 3.04, 0.16] | [0.04, 0.01, -0.0, -0.0]   | [82.95, 34.61, 3.07, 0.18] |     0.918033 |          0.885246 |
|          4 | [89.68, 34.67, 3.1, 0.18]  | [7.5, 0.12, 0.03, 0.0]     | [81.85, 34.49, 3.09, 0.18] |     0.918033 |          0.901639 |
|          5 | [92.0, 35.51, 2.59, 0.18]  | [4.85, 0.49, -0.26, 0.0]   | [106.9, 37.02, 2.11, 0.19] |     0.918033 |          0.918033 |
|          6 | [82.1, 34.45, 3.09, 0.18]  | [1.64, 0.38, -0.04, -0.0]  | [81.85, 35.19, 2.84, 0.18] |     0.918033 |          0.918033 |
|          7 | [82.8, 34.42, 3.08, 0.18]  | [-2.55, 0.39, 0.04, -0.0]  | [77.0, 34.28, 3.17, 0.18]  |     0.918033 |          0.918033 |
|          8 | [81.86, 34.5, 3.09, 0.18]  | [-4.99, 1.34, 0.23, 0.05]  | [81.86, 34.5, 3.09, 0.18]  |     0.918033 |          0.918033 |
|          9 | [86.15, 32.89, 3.23, 0.19] | [13.28, -4.55, 0.41, 0.03] | [82.92, 34.08, 3.13, 0.18] |     0.918033 |          0.885246 |
Iteration 38
Global Best Position: [82, 34, 3, 0.18]
Value: 0.9180327868852459

 Table of particles
|   Particle | Position                   | Velocity                   | Best Position              |   Best Value |   Current Fitness |
|------------|----------------------------|----------------------------|----------------------------|--------------|-------------------|
|          0 | [82.58, 34.55, 3.08, 0.18] | [-0.56, -0.12, 0.01, 0.0]  | [82.72, 34.58, 3.08, 0.18] |     0.918033 |          0.918033 |
|          1 | [74.64, 38.26, 2.72, 0.18] | [-7.04, 3.05, -0.3, 0.0]   | [81.77, 35.72, 2.99, 0.18] |     0.918033 |          0.901639 |
|          2 | [87.96, 36.34, 2.94, 0.18] | [7.02, 2.36, -0.18, 0.0]   | [95.75, 39.01, 2.75, 0.18] |     0.918033 |          0.901639 |
|          3 | [82.36, 34.58, 3.08, 0.18] | [-2.95, -0.11, 0.04, 0.02] | [82.95, 34.61, 3.07, 0.18] |     0.918033 |          0.918033 |
|          4 | [89.72, 34.66, 3.11, 0.18] | [0.04, -0.01, 0.0, 0.0]    | [81.85, 34.49, 3.09, 0.18] |     0.918033 |          0.901639 |
|          5 | [95.12, 35.82, 2.47, 0.18] | [3.12, 0.32, -0.12, 0.0]   | [106.9, 37.02, 2.11, 0.19] |     0.918033 |          0.918033 |
|          6 | [83.71, 34.95, 3.01, 0.18] | [1.6, 0.5, -0.07, -0.0]    | [81.85, 35.19, 2.84, 0.18] |     0.918033 |          0.901639 |
|          7 | [78.17, 34.75, 3.15, 0.18] | [-4.63, 0.32, 0.07, 0.0]   | [77.0, 34.28, 3.17, 0.18]  |     0.918033 |          0.901639 |
|          8 | [78.68, 35.65, 3.26, 0.22] | [-3.18, 1.14, 0.17, 0.04]  | [81.86, 34.5, 3.09, 0.18]  |     0.918033 |          0.868852 |
|          9 | [93.21, 30.97, 3.4, 0.2]   | [7.05, -1.92, 0.17, 0.01]  | [82.92, 34.08, 3.13, 0.18] |     0.918033 |          0.885246 |
Iteration 39
Global Best Position: [82, 34, 3, 0.18]
Value: 0.9180327868852459

 Table of particles
|   Particle | Position                   | Velocity                    | Best Position              |   Best Value |   Current Fitness |
|------------|----------------------------|-----------------------------|----------------------------|--------------|-------------------|
|          0 | [82.26, 34.48, 3.09, 0.18] | [-0.32, -0.07, 0.01, 0.0]   | [82.72, 34.58, 3.08, 0.18] |     0.918033 |          0.918033 |
|          1 | [82.19, 35.16, 3.03, 0.18] | [7.55, -3.11, 0.31, -0.0]   | [81.77, 35.72, 2.99, 0.18] |     0.918033 |          0.918033 |
|          2 | [94.19, 38.45, 2.79, 0.18] | [6.24, 2.11, -0.16, 0.0]    | [95.75, 39.01, 2.75, 0.18] |     0.918033 |          0.918033 |
|          3 | [80.35, 34.5, 3.11, 0.19]  | [-2.01, -0.08, 0.02, 0.01]  | [82.95, 34.61, 3.07, 0.18] |     0.918033 |          0.868852 |
|          4 | [87.11, 34.62, 3.1, 0.18]  | [-2.61, -0.04, -0.01, -0.0] | [81.85, 34.49, 3.09, 0.18] |     0.918033 |          0.901639 |
|          5 | [84.67, 34.78, 3.02, 0.18] | [-10.45, -1.05, 0.55, -0.0] | [106.9, 37.02, 2.11, 0.19] |     0.918033 |          0.901639 |
|          6 | [83.96, 35.46, 2.87, 0.18] | [0.26, 0.51, -0.14, 0.0]    | [81.85, 35.19, 2.84, 0.18] |     0.918033 |          0.901639 |
|          7 | [77.03, 34.64, 3.17, 0.18] | [-1.14, -0.1, 0.02, 0.0]    | [77.0, 34.28, 3.17, 0.18]  |     0.918033 |          0.901639 |
|          8 | [79.76, 35.47, 3.22, 0.21] | [1.09, -0.18, -0.04, -0.01] | [81.86, 34.5, 3.09, 0.18]  |     0.918033 |          0.885246 |
|          9 | [94.41, 30.82, 3.41, 0.2]  | [1.2, -0.16, 0.01, 0.0]     | [82.92, 34.08, 3.13, 0.18] |     0.918033 |          0.885246 |
Iteration 40
Global Best Position: [82, 34, 3, 0.18]
Value: 0.9180327868852459

 Table of particles
|   Particle | Position                   | Velocity                    | Best Position              |   Best Value |   Current Fitness |
|------------|----------------------------|-----------------------------|----------------------------|--------------|-------------------|
|          0 | [82.72, 34.58, 3.08, 0.18] | [0.45, 0.1, -0.01, -0.0]    | [82.72, 34.58, 3.08, 0.18] |     0.918033 |          0.918033 |
|          1 | [88.17, 32.76, 3.28, 0.18] | [5.97, -2.39, 0.24, -0.0]   | [81.77, 35.72, 2.99, 0.18] |     0.918033 |          0.901639 |
|          2 | [96.09, 39.11, 2.74, 0.18] | [1.9, 0.66, -0.05, -0.0]    | [95.75, 39.01, 2.75, 0.18] |     0.918033 |          0.918033 |
|          3 | [80.84, 34.52, 3.1, 0.19]  | [0.49, 0.02, -0.01, -0.0]   | [82.95, 34.61, 3.07, 0.18] |     0.918033 |          0.868852 |
|          4 | [83.31, 34.56, 3.08, 0.18] | [-3.8, -0.05, -0.01, -0.0]  | [81.85, 34.49, 3.09, 0.18] |     0.918033 |          0.901639 |
|          5 | [89.37, 35.25, 2.92, 0.18] | [4.7, 0.48, -0.11, 0.0]     | [106.9, 37.02, 2.11, 0.19] |     0.918033 |          0.901639 |
|          6 | [82.66, 35.62, 2.75, 0.18] | [-1.31, 0.16, -0.11, 0.0]   | [81.85, 35.19, 2.84, 0.18] |     0.918033 |          0.918033 |
|          7 | [82.52, 34.4, 3.08, 0.18]  | [5.48, -0.24, -0.09, -0.0]  | [77.0, 34.28, 3.17, 0.18]  |     0.918033 |          0.918033 |
|          8 | [84.29, 34.01, 2.99, 0.16] | [4.53, -1.46, -0.23, -0.05] | [81.86, 34.5, 3.09, 0.18]  |     0.918033 |          0.885246 |
|          9 | [83.46, 34.52, 3.08, 0.18] | [-10.95, 3.7, -0.33, -0.03] | [82.92, 34.08, 3.13, 0.18] |     0.918033 |          0.901639 |
Iteration 41
Global Best Position: [82, 34, 3, 0.18]
Value: 0.9180327868852459

 Table of particles
|   Particle | Position                   | Velocity                    | Best Position              |   Best Value |   Current Fitness |
|------------|----------------------------|-----------------------------|----------------------------|--------------|-------------------|
|          0 | [83.08, 34.65, 3.07, 0.17] | [0.36, 0.08, -0.01, -0.0]   | [82.72, 34.58, 3.08, 0.18] |     0.918033 |          0.901639 |
|          1 | [84.12, 34.31, 3.12, 0.18] | [-4.04, 1.54, -0.16, 0.0]   | [81.77, 35.72, 2.99, 0.18] |     0.918033 |          0.901639 |
|          2 | [87.55, 36.23, 2.95, 0.18] | [-8.54, -2.87, 0.22, -0.0]  | [95.75, 39.01, 2.75, 0.18] |     0.918033 |          0.901639 |
|          3 | [83.75, 34.62, 3.06, 0.17] | [2.91, 0.11, -0.04, -0.02]  | [82.95, 34.61, 3.07, 0.18] |     0.918033 |          0.901639 |
|          4 | [78.84, 34.48, 3.07, 0.18] | [-4.47, -0.08, -0.01, -0.0] | [81.85, 34.49, 3.09, 0.18] |     0.918033 |          0.901639 |
|          5 | [98.71, 36.2, 2.57, 0.18]  | [9.35, 0.94, -0.35, 0.0]    | [106.9, 37.02, 2.11, 0.19] |     0.918033 |          0.901639 |
|          6 | [81.19, 34.59, 3.0, 0.18]  | [-1.47, -1.03, 0.24, -0.0]  | [81.85, 35.19, 2.84, 0.18] |     0.918033 |          0.918033 |
|          7 | [86.2, 34.28, 3.02, 0.18]  | [3.68, -0.12, -0.06, -0.0]  | [77.0, 34.28, 3.17, 0.18]  |     0.918033 |          0.901639 |
|          8 | [85.53, 33.61, 2.93, 0.14] | [1.24, -0.4, -0.06, -0.01]  | [81.86, 34.5, 3.09, 0.18]  |     0.918033 |          0.885246 |
|          9 | [74.15, 37.36, 2.83, 0.16] | [-9.31, 2.84, -0.25, -0.02] | [82.92, 34.08, 3.13, 0.18] |     0.918033 |          0.901639 |
Iteration 42
Global Best Position: [82, 34, 3, 0.18]
Value: 0.9180327868852459

 Table of particles
|   Particle | Position                   | Velocity                   | Best Position              |   Best Value |   Current Fitness |
|------------|----------------------------|----------------------------|----------------------------|--------------|-------------------|
|          0 | [83.33, 34.71, 3.06, 0.17] | [0.25, 0.05, -0.01, -0.0]  | [82.72, 34.58, 3.08, 0.18] |     0.918033 |          0.901639 |
|          1 | [78.51, 36.56, 2.89, 0.18] | [-5.61, 2.25, -0.23, 0.0]  | [81.77, 35.72, 2.99, 0.18] |     0.918033 |          0.901639 |
|          2 | [83.53, 34.88, 3.06, 0.17] | [-4.03, -1.35, 0.1, -0.0]  | [95.75, 39.01, 2.75, 0.18] |     0.918033 |          0.901639 |
|          3 | [85.33, 34.67, 3.05, 0.16] | [1.57, 0.05, -0.02, -0.01] | [82.95, 34.61, 3.07, 0.18] |     0.918033 |          0.885246 |
|          4 | [77.42, 34.43, 3.07, 0.18] | [-1.42, -0.06, 0.0, 0.0]   | [81.85, 34.49, 3.09, 0.18] |     0.918033 |          0.901639 |
|          5 | [99.73, 36.3, 2.46, 0.18]  | [1.01, 0.1, -0.11, -0.0]   | [106.9, 37.02, 2.11, 0.19] |     0.918033 |          0.901639 |
|          6 | [80.75, 33.83, 3.21, 0.18] | [-0.44, -0.77, 0.21, -0.0] | [81.85, 35.19, 2.84, 0.18] |     0.918033 |          0.918033 |
|          7 | [80.98, 34.49, 3.1, 0.18]  | [-5.22, 0.21, 0.08, 0.0]   | [77.0, 34.28, 3.17, 0.18]  |     0.918033 |          0.918033 |
|          8 | [82.41, 34.5, 3.08, 0.18]  | [-3.12, 0.89, 0.15, 0.03]  | [81.86, 34.5, 3.09, 0.18]  |     0.918033 |          0.918033 |
|          9 | [77.32, 35.98, 2.95, 0.17] | [3.17, -1.38, 0.13, 0.01]  | [82.92, 34.08, 3.13, 0.18] |     0.918033 |          0.901639 |
Iteration 43
Global Best Position: [82, 34, 3, 0.18]
Value: 0.9180327868852459

 Table of particles
|   Particle | Position                   | Velocity                     | Best Position              |   Best Value |   Current Fitness |
|------------|----------------------------|------------------------------|----------------------------|--------------|-------------------|
|          0 | [83.36, 34.71, 3.06, 0.17] | [0.03, 0.01, -0.0, -0.0]     | [82.72, 34.58, 3.08, 0.18] |     0.918033 |          0.901639 |
|          1 | [77.05, 37.36, 2.82, 0.18] | [-1.46, 0.8, -0.07, 0.0]     | [81.77, 35.72, 2.99, 0.18] |     0.918033 |          0.901639 |
|          2 | [88.46, 36.54, 2.93, 0.18] | [4.94, 1.66, -0.12, 0.0]     | [95.75, 39.01, 2.75, 0.18] |     0.918033 |          0.901639 |
|          3 | [84.31, 34.63, 3.06, 0.17] | [-1.02, -0.04, 0.01, 0.01]   | [82.95, 34.61, 3.07, 0.18] |     0.918033 |          0.901639 |
|          4 | [78.66, 34.44, 3.07, 0.18] | [1.23, 0.01, 0.01, 0.0]      | [81.85, 34.49, 3.09, 0.18] |     0.918033 |          0.901639 |
|          5 | [89.31, 35.24, 2.74, 0.18] | [-10.41, -1.06, 0.29, -0.01] | [106.9, 37.02, 2.11, 0.19] |     0.918033 |          0.901639 |
|          6 | [81.11, 33.93, 3.19, 0.18] | [0.36, 0.1, -0.01, -0.0]     | [81.85, 35.19, 2.84, 0.18] |     0.918033 |          0.918033 |
|          7 | [76.6, 34.64, 3.17, 0.18]  | [-4.38, 0.15, 0.07, 0.0]     | [77.0, 34.28, 3.17, 0.18]  |     0.918033 |          0.918033 |
|          8 | [79.95, 35.26, 3.2, 0.2]   | [-2.46, 0.76, 0.12, 0.03]    | [81.86, 34.5, 3.09, 0.18]  |     0.918033 |          0.868852 |
|          9 | [88.23, 32.45, 3.27, 0.19] | [10.9, -3.54, 0.32, 0.02]    | [82.92, 34.08, 3.13, 0.18] |     0.918033 |          0.885246 |
Iteration 44
Global Best Position: [82, 34, 3, 0.18]
Value: 0.9180327868852459

 Table of particles
|   Particle | Position                   | Velocity                   | Best Position              |   Best Value |   Current Fitness |
|------------|----------------------------|----------------------------|----------------------------|--------------|-------------------|
|          0 | [83.2, 34.68, 3.07, 0.17]  | [-0.16, -0.04, 0.0, 0.0]   | [82.72, 34.58, 3.08, 0.18] |     0.918033 |          0.901639 |
|          1 | [82.88, 34.78, 3.07, 0.18] | [5.83, -2.58, 0.25, -0.0]  | [81.77, 35.72, 2.99, 0.18] |     0.918033 |          0.918033 |
|          2 | [91.36, 37.49, 2.86, 0.18] | [2.9, 0.95, -0.07, 0.0]    | [95.75, 39.01, 2.75, 0.18] |     0.918033 |          0.918033 |
|          3 | [82.43, 34.57, 3.08, 0.18] | [-1.87, -0.07, 0.02, 0.01] | [82.95, 34.61, 3.07, 0.18] |     0.918033 |          0.918033 |
|          4 | [85.32, 34.6, 3.09, 0.18]  | [6.66, 0.16, 0.01, -0.0]   | [81.85, 34.49, 3.09, 0.18] |     0.918033 |          0.901639 |
|          5 | [82.81, 34.58, 2.98, 0.18] | [-6.5, -0.66, 0.24, -0.0]  | [106.9, 37.02, 2.11, 0.19] |     0.918033 |          0.918033 |
|          6 | [82.78, 34.75, 3.03, 0.18] | [1.67, 0.82, -0.17, -0.0]  | [81.85, 35.19, 2.84, 0.18] |     0.918033 |          0.918033 |
|          7 | [78.61, 34.53, 3.14, 0.18] | [2.01, -0.11, -0.03, -0.0] | [77.0, 34.28, 3.17, 0.18]  |     0.918033 |          0.901639 |
|          8 | [79.49, 35.36, 3.22, 0.21] | [-0.46, 0.1, 0.02, 0.0]    | [81.86, 34.5, 3.09, 0.18]  |     0.918033 |          0.885246 |
|          9 | [89.28, 32.4, 3.27, 0.19]  | [1.05, -0.05, 0.0, -0.0]   | [82.92, 34.08, 3.13, 0.18] |     0.918033 |          0.885246 |
Iteration 45
Global Best Position: [82, 34, 3, 0.18]
Value: 0.9180327868852459

 Table of particles
|   Particle | Position                   | Velocity                    | Best Position              |   Best Value |   Current Fitness |
|------------|----------------------------|-----------------------------|----------------------------|--------------|-------------------|
|          0 | [82.88, 34.61, 3.07, 0.18] | [-0.32, -0.07, 0.01, 0.0]   | [82.72, 34.58, 3.08, 0.18] |     0.918033 |          0.918033 |
|          1 | [86.79, 33.32, 3.22, 0.18] | [3.91, -1.46, 0.15, -0.0]   | [81.77, 35.72, 2.99, 0.18] |     0.918033 |          0.901639 |
|          2 | [90.57, 37.21, 2.88, 0.18] | [-0.8, -0.29, 0.02, 0.0]    | [95.75, 39.01, 2.75, 0.18] |     0.918033 |          0.901639 |
|          3 | [81.46, 34.54, 3.09, 0.18] | [-0.98, -0.02, 0.01, 0.01]  | [82.95, 34.61, 3.07, 0.18] |     0.918033 |          0.901639 |
|          4 | [89.49, 34.71, 3.1, 0.18]  | [4.17, 0.11, 0.01, -0.0]    | [81.85, 34.49, 3.09, 0.18] |     0.918033 |          0.885246 |
|          5 | [85.91, 34.9, 2.96, 0.18]  | [3.1, 0.32, -0.02, 0.0]     | [106.9, 37.02, 2.11, 0.19] |     0.918033 |          0.901639 |
|          6 | [83.96, 35.38, 2.89, 0.18] | [1.17, 0.64, -0.14, 0.0]    | [81.85, 35.19, 2.84, 0.18] |     0.918033 |          0.901639 |
|          7 | [80.23, 34.42, 3.12, 0.18] | [1.63, -0.11, -0.03, -0.0]  | [77.0, 34.28, 3.17, 0.18]  |     0.918033 |          0.918033 |
|          8 | [82.39, 34.45, 3.08, 0.17] | [2.89, -0.91, -0.15, -0.03] | [81.86, 34.5, 3.09, 0.18]  |     0.918033 |          0.918033 |
|          9 | [86.66, 33.38, 3.18, 0.18] | [-2.62, 0.98, -0.09, -0.01] | [82.92, 34.08, 3.13, 0.18] |     0.918033 |          0.901639 |
Iteration 46
Global Best Position: [82, 34, 3, 0.18]
Value: 0.9180327868852459

 Table of particles
|   Particle | Position                   | Velocity                    | Best Position              |   Best Value |   Current Fitness |
|------------|----------------------------|-----------------------------|----------------------------|--------------|-------------------|
|          0 | [82.45, 34.52, 3.08, 0.18] | [-0.43, -0.09, 0.01, 0.0]   | [82.72, 34.58, 3.08, 0.18] |     0.918033 |          0.918033 |
|          1 | [84.99, 33.84, 3.16, 0.18] | [-1.79, 0.52, -0.06, -0.0]  | [81.77, 35.72, 2.99, 0.18] |     0.918033 |          0.901639 |
|          2 | [92.03, 37.71, 2.84, 0.18] | [1.46, 0.5, -0.04, -0.0]    | [95.75, 39.01, 2.75, 0.18] |     0.918033 |          0.918033 |
|          3 | [81.75, 34.56, 3.09, 0.18] | [0.3, 0.01, -0.0, -0.0]     | [82.95, 34.61, 3.07, 0.18] |     0.918033 |          0.901639 |
|          4 | [85.47, 34.62, 3.09, 0.18] | [-4.02, -0.09, -0.01, 0.0]  | [81.85, 34.49, 3.09, 0.18] |     0.918033 |          0.901639 |
|          5 | [92.76, 35.59, 2.75, 0.18] | [6.85, 0.69, -0.21, 0.0]    | [106.9, 37.02, 2.11, 0.19] |     0.918033 |          0.918033 |
|          6 | [82.79, 35.16, 2.9, 0.18]  | [-1.16, -0.22, 0.01, 0.0]   | [81.85, 35.19, 2.84, 0.18] |     0.918033 |          0.918033 |
|          7 | [81.19, 34.36, 3.1, 0.18]  | [0.96, -0.07, -0.01, -0.0]  | [77.0, 34.28, 3.17, 0.18]  |     0.918033 |          0.918033 |
|          8 | [84.62, 33.77, 2.96, 0.15] | [2.23, -0.68, -0.11, -0.03] | [81.86, 34.5, 3.09, 0.18]  |     0.918033 |          0.885246 |
|          9 | [80.14, 35.44, 3.0, 0.17]  | [-6.51, 2.06, -0.18, -0.01] | [82.92, 34.08, 3.13, 0.18] |     0.918033 |          0.901639 |
Iteration 47
Global Best Position: [82, 34, 3, 0.18]
Value: 0.9180327868852459

 Table of particles
|   Particle | Position                   | Velocity                   | Best Position              |   Best Value |   Current Fitness |
|------------|----------------------------|----------------------------|----------------------------|--------------|-------------------|
|          0 | [82.36, 34.5, 3.09, 0.18]  | [-0.1, -0.02, 0.0, 0.0]    | [82.72, 34.58, 3.08, 0.18] |     0.918033 |          0.918033 |
|          1 | [79.69, 36.0, 2.94, 0.18]  | [-5.3, 2.16, -0.22, 0.0]   | [81.77, 35.72, 2.99, 0.18] |     0.918033 |          0.901639 |
|          2 | [94.23, 38.49, 2.79, 0.18] | [2.2, 0.78, -0.06, -0.0]   | [95.75, 39.01, 2.75, 0.18] |     0.918033 |          0.918033 |
|          3 | [83.65, 34.62, 3.07, 0.17] | [1.89, 0.06, -0.02, -0.01] | [82.95, 34.61, 3.07, 0.18] |     0.918033 |          0.901639 |
|          4 | [79.6, 34.47, 3.07, 0.18]  | [-5.87, -0.15, -0.01, 0.0] | [81.85, 34.49, 3.09, 0.18] |     0.918033 |          0.901639 |
|          5 | [99.11, 36.23, 2.52, 0.18] | [6.35, 0.64, -0.23, 0.0]   | [106.9, 37.02, 2.11, 0.19] |     0.918033 |          0.901639 |
|          6 | [81.24, 34.88, 2.91, 0.18] | [-1.55, -0.27, 0.01, 0.0]  | [81.85, 35.19, 2.84, 0.18] |     0.918033 |          0.918033 |
|          7 | [81.76, 34.52, 3.09, 0.18] | [0.57, 0.16, -0.01, -0.0]  | [77.0, 34.28, 3.17, 0.18]  |     0.918033 |          0.918033 |
|          8 | [84.59, 33.8, 2.97, 0.15]  | [-0.03, 0.03, 0.0, 0.0]    | [81.86, 34.5, 3.09, 0.18]  |     0.918033 |          0.885246 |
|          9 | [79.27, 35.41, 3.01, 0.17] | [-0.87, -0.03, 0.01, 0.0]  | [82.92, 34.08, 3.13, 0.18] |     0.918033 |          0.918033 |
Iteration 48
Global Best Position: [82, 34, 3, 0.18]
Value: 0.9180327868852459

 Table of particles
|   Particle | Position                    | Velocity                   | Best Position              |   Best Value |   Current Fitness |
|------------|-----------------------------|----------------------------|----------------------------|--------------|-------------------|
|          0 | [82.41, 34.51, 3.08, 0.18]  | [0.05, 0.01, -0.0, -0.0]   | [82.72, 34.58, 3.08, 0.18] |     0.918033 |          0.918033 |
|          1 | [76.26, 37.38, 2.8, 0.18]   | [-3.43, 1.38, -0.14, 0.0]  | [81.77, 35.72, 2.99, 0.18] |     0.918033 |          0.918033 |
|          2 | [92.03, 37.77, 2.84, 0.18]  | [-2.2, -0.72, 0.05, -0.0]  | [95.75, 39.01, 2.75, 0.18] |     0.918033 |          0.918033 |
|          3 | [84.79, 34.65, 3.05, 0.16]  | [1.14, 0.03, -0.01, -0.01] | [82.95, 34.61, 3.07, 0.18] |     0.918033 |          0.885246 |
|          4 | [76.08, 34.39, 3.07, 0.18]  | [-3.52, -0.08, -0.01, 0.0] | [81.85, 34.49, 3.09, 0.18] |     0.918033 |          0.918033 |
|          5 | [102.11, 36.54, 2.32, 0.18] | [3.01, 0.3, -0.2, 0.0]     | [106.9, 37.02, 2.11, 0.19] |     0.918033 |          0.901639 |
|          6 | [80.8, 34.6, 2.97, 0.18]    | [-0.43, -0.28, 0.07, -0.0] | [81.85, 35.19, 2.84, 0.18] |     0.918033 |          0.918033 |
|          7 | [81.99, 34.64, 3.09, 0.18]  | [0.23, 0.12, -0.0, -0.0]   | [77.0, 34.28, 3.17, 0.18]  |     0.918033 |          0.918033 |
|          8 | [82.65, 34.49, 3.07, 0.17]  | [-1.94, 0.68, 0.1, 0.02]   | [81.86, 34.5, 3.09, 0.18]  |     0.918033 |          0.918033 |
|          9 | [83.53, 34.0, 3.13, 0.18]   | [4.26, -1.41, 0.13, 0.01]  | [82.92, 34.08, 3.13, 0.18] |     0.918033 |          0.901639 |
Iteration 49
Global Best Position: [82, 34, 3, 0.18]
Value: 0.9180327868852459

 Table of particles
|   Particle | Position                   | Velocity                   | Best Position              |   Best Value |   Current Fitness |
|------------|----------------------------|----------------------------|----------------------------|--------------|-------------------|
|          0 | [82.91, 34.62, 3.07, 0.18] | [0.5, 0.11, -0.01, -0.0]   | [82.72, 34.58, 3.08, 0.18] |     0.918033 |          0.918033 |
|          1 | [77.22, 37.16, 2.83, 0.18] | [0.95, -0.22, 0.03, 0.0]   | [81.77, 35.72, 2.99, 0.18] |     0.918033 |          0.901639 |
|          2 | [85.28, 35.47, 3.01, 0.18] | [-6.75, -2.29, 0.17, -0.0] | [95.75, 39.01, 2.75, 0.18] |     0.918033 |          0.901639 |
|          3 | [82.77, 34.58, 3.08, 0.18] | [-2.02, -0.07, 0.02, 0.01] | [82.95, 34.61, 3.07, 0.18] |     0.918033 |          0.918033 |
|          4 | [80.12, 34.49, 3.08, 0.18] | [4.04, 0.1, 0.01, -0.0]    | [81.85, 34.49, 3.09, 0.18] |     0.918033 |          0.918033 |
|          5 | [93.74, 35.69, 2.57, 0.18] | [-8.37, -0.85, 0.25, -0.0] | [106.9, 37.02, 2.11, 0.19] |     0.918033 |          0.918033 |
|          6 | [82.18, 34.49, 3.08, 0.18] | [1.38, -0.11, 0.1, -0.0]   | [81.85, 35.19, 2.84, 0.18] |     0.918033 |          0.918033 |
|          7 | [80.27, 34.56, 3.12, 0.18] | [-1.72, -0.08, 0.03, 0.0]  | [77.0, 34.28, 3.17, 0.18]  |     0.918033 |          0.918033 |
|          8 | [80.83, 35.05, 3.16, 0.2]  | [-1.82, 0.56, 0.09, 0.02]  | [81.86, 34.5, 3.09, 0.18]  |     0.918033 |          0.868852 |
|          9 | [86.64, 32.96, 3.23, 0.19] | [3.11, -1.04, 0.09, 0.01]  | [82.92, 34.08, 3.13, 0.18] |     0.918033 |          0.885246 |
Iteration 50
Global Best Position: [82, 34, 3, 0.18]
Value: 0.9180327868852459

 Table of particles
|   Particle | Position                   | Velocity                   | Best Position              |   Best Value |   Current Fitness |
|------------|----------------------------|----------------------------|----------------------------|--------------|-------------------|
|          0 | [83.21, 34.68, 3.07, 0.17] | [0.3, 0.06, -0.01, -0.0]   | [82.72, 34.58, 3.08, 0.18] |     0.918033 |          0.901639 |
|          1 | [82.12, 35.44, 3.02, 0.18] | [4.9, -1.72, 0.18, -0.0]   | [81.77, 35.72, 2.99, 0.18] |     0.918033 |          0.918033 |
|          2 | [80.47, 33.83, 3.13, 0.17] | [-4.81, -1.64, 0.12, -0.0] | [95.75, 39.01, 2.75, 0.18] |     0.918033 |          0.918033 |
|          3 | [81.12, 34.52, 3.1, 0.19]  | [-1.65, -0.06, 0.02, 0.01] | [82.95, 34.61, 3.07, 0.18] |     0.918033 |          0.901639 |
|          4 | [84.66, 34.6, 3.08, 0.18]  | [4.54, 0.12, 0.01, -0.0]   | [81.85, 34.49, 3.09, 0.18] |     0.918033 |          0.901639 |
|          5 | [85.07, 34.81, 2.94, 0.18] | [-8.67, -0.87, 0.37, -0.0] | [106.9, 37.02, 2.11, 0.19] |     0.918033 |          0.901639 |
|          6 | [83.65, 34.75, 3.07, 0.18] | [1.47, 0.27, -0.01, -0.0]  | [81.85, 35.19, 2.84, 0.18] |     0.918033 |          0.901639 |
|          7 | [77.37, 34.31, 3.16, 0.18] | [-2.89, -0.25, 0.05, 0.0]  | [77.0, 34.28, 3.17, 0.18]  |     0.918033 |          0.901639 |
|          8 | [80.59, 35.11, 3.17, 0.2]  | [-0.24, 0.06, 0.01, 0.0]   | [81.86, 34.5, 3.09, 0.18]  |     0.918033 |          0.868852 |
|          9 | [87.8, 32.58, 3.26, 0.19]  | [1.16, -0.38, 0.03, 0.0]   | [82.92, 34.08, 3.13, 0.18] |     0.918033 |          0.901639 |
Best parameters: [82.7162349  34.57506624  3.07723519  0.17646929]
Best value: 0.9180327868852459